25322222
010101010101
010101010101
010101010101
010101010101
010101010101
010101010101
010101010101
010101010101
010101010101
010101010101
011010
010101010101
010101010101
010101010101
010101010101
010101010101
0310
010101010101
010101010101
090810
010101010101
080710
010101010101
0410
010101010101
010101010101
080110
010101010101
0910
090810
010101010101
0610
0410
090610
090810
010101010101
0710
010101010101
010101010101
09101010
0910
090410
070810
0410
081010
010101010101
081010
0410
090410
090410
0210
010101010101
010101010101
010101010101
090810
0710
081010
080110
090610
0910
010101010101
010101010101
010101010101
090410
031010
010101010101
080710
010101010101
070810
010101010101
070810
080410
090610
070510
0910
031010
010101010101
090210
051010
0410
010101010101
0905
051010
081010
090810
09011010
010101010101
021010
0610
010101010101
010101010101
0605
010101010101
010101010101
010101010101
010101010101
010101010101
010101010101
090610
010101010101
090410
010101010101
0210
010101010101
091010
031010
010101010101
080110
010101010101
050510
090810
090810
0605
09061010
0710
0905
010101010101
010101010101
0610
0610
010101010101
010101010101
010101010101
0610
090610
090610
010101010101
010101010101
0505
010101010101
0310
090610
090810
050510
080710
0610
090410
090810
0705
0705
031010
010101010101
0605
0210
0410
090810
090810
070810
010101010101
0710
090810
0610
080110
010101010101
090410
061010
010101010101
0710
080410
081010
080110
0610
070810
010101010101
0605
080110
080110
0310
090410
090810
080110
0505
021010
0810
0210
010101010101
0410
010101010101
0905
010101010101
09101010
080110
080410
090810
091010
070510
010101010101
0705
061010
0310
0310
0310
0605
0510
0710
010101010101
021010
081010
080110
051010
080710
010101010101
0710
0210
010101010101
0705
0505
0710
080110
0410
0810
070810
091010
0210
090610
010101010101
09101010
080110
090610
0610
090210
090410
080410
0805
050510
0605
010101010101
090410
080110
0510
0210
080710
0710
011010
0710
070810
051010
0905
09101010
080110
0610
0805
070810
0410
090610
0705
0605
010101010101
011010
021010
09031010
091010
090810
0605
010101010101
0710
0710
0410
09101010
090810
0805
0805
0905
0605
0505
031010
080410
0810
090610
0810
080410
080410
090210
010101010101
0805
090610
0805
0410
0710
0905
050510
070510
0805
0710
0905
0705
091010
070510
010101010101
0710
0310
081010
0210
0810
080110
0610
010101010101
0310
0710
090810
010101010101
09101010
080110
0410
0210
010101010101
0705
0710090907040208
0505
090610
090810
0710
090610
0605
0805
010101010101
090610
010101010101
0505
0505
090610
080110
091010
090410
051010
090410
070510
090210
051010
080410
090610
0710
0805
0805
0710
0410
081010
0310
090810
090810
0505
0310
090810
080710
090210
090210
0710
0810
081010
0510
0805
090610
0810
0805
0510
0610
0705
0710
090810
080710
091010
0805
0710
0710
0505
090810
0210
0410
0505
0310
0505
0705
0805
0710
0505
0805
0710
0710
0805
091010
0710
0610
0705
0905
091010
0710
0310
0810
0710
0810
0710
080710
0805
0710
0710
0710
080410
0805
0505
0210
0710
0310
0710
0710
090610
0505
0710
090810
010101010101
0310
0810
0710
0705
0710
0805
0705
0805
0410
0310
0505
0410
010101010101
0605
0805
0310
0505
0210
0605
0710
0410
0410
0605
0710
0710
0805
0505
0510
0710
0410
091010
0505
0705
0510
091010
0605
0605
010101010101
090810
010101010101
0410
0210
0710
0310
0410
0510
0505
090810
010101010101
0705
090410
090410
090610
0410
080110
0510
080110
070810
061010
0905
0910
0910
0910
0910
0910
0905
090210
090210
0210
061010
0810
0905
090810
0410
0610
070510
0805
0710
0810
070810
010101010101
010101010101
090810
0505
0605
090810
080410
0310
0510
080110
0810
0210
0510
0410
0710
021010
091010
091010
0310
091010
090210
0510
090410
090610
080410
0905
090810
0910
0710
0705
0605
010101010101
0310
0705
0810
0805
0610
0710
080410
0805
080410
0310
0310
090410
010101010101
090810
0705
0905
0805
0210
091010
090210
090410
0810
080710
061010
0510
061010
0705
091010
0710
0610
0605
0710
010101010101
081010
0710
0410
0905
0805
0210
0505
010101010101
0710
080410
0810
0510
0310
010101010101
0810
0410
0605
0210
09101010
0410
070810
091010
0505
090810
0410
0605
0710
090610
0505
0805
0610
0710
0610
090610
090410
090610
0310
0410
010101010101
0710
0610
091010
090810
0710
0705
0805
0510
0310
0210
080110
061010
070510
0310
090210
080710
090210
090610
050510
010101010101
0505
091010
090410
080710
080710
090810
080110
010101010101
081010
0505
0210
0505
090810
090210
080410
010101010101
0710
010101010101
0505
0505
0505
0505
0505
0505
010101010101
0510101010
021010
010101010101
010101010101
010101010101
010101010101
010101010101
0810101010
021010
021010
021010
021010
021010
021010
021010
021010
021010
010101010101
021010
021010
021010
021010
021010
021010
021010
021010
021010
021010
021010
010101010101
010101010101
010101010101
010101010101
010101010101
010101010101
0505
010101010101
021010
0705101010
010101010101
010101010101
010101010101
010101010101
010101010101
010101010101
010101010101
010101010101
010101010101
010101010101
010101010101
010101010101
010101010101
010101010101
010101010101
010101010101
010101010101
010101010101
010101010101
010101010101
010101010101
010101010101
010101010101
010101010101
010101010101
010101010101
010101010101
010101010101
010101010101
010101010101
010101010101
0910
0505
05101010
0705101010
010101010101
010101010101
010101010101
010101010101
010101010101
010101010101
010101010101
010101010101
010101010101
010101010101
010101010101