080702
0105
0106
0103
0104
0107
0410
0305
0208
080407
070206
090301
060401
060309
060308
080205
060307
060306
060305
060209
060110
050905
050903
0102
050706
050703
0609
050502
080210
090904
30
0410
0305
080407
060310
060309
060308
060307
060306
060305
050905
050903
0102
050806
080909
050706
050703
080402
0609
050506
050502
080210
050405
050401
090904
080310
040306
30
080301
0504
080702
0410
071004
071003
0210
070908
070906
090202
090502
080403
090410
090804
090901
070705
080204
080609
080104
080810
070603
0606
090510
070509
070506
080405
070504
070503
070502
090402
080103
080101
070408
080606
080207
080506
070407
081007
080707
081002
080407
070308
090508
080503
090107
080804
080603
070303
070302
070209
070208
070207
090907
080408
070204
070203
070202
090408
070109
090810
080604
070106
070105
090905
080406
081004
061009
090701
090704
061007
090106
061003
060909
060908
060907
060906
0705
060904
080710
090806
060807
060804
080910
060709
060708
060707
090610
060706
060703
060702
060608
060605
060604
090301
060508
090607
060501
060405
090709
080709
060310
060307
060206
060203
060109
060108
060107
060106
060103
051010
051009
051008
051007
051006
080110
080906
051002
050909
0708
050904
050902
050901
050810
050809
050807
0102
050804
050803
050704
090405
0703
080402
050607
050602
050510
090105
050509
050508
050504
080210
050501
050410
050407
050405
0201
0108
050302
050210
050209
050205
050204
050203
080107
080303
050106
050105
080206
050101
041008
040901
040809
040805
040804
040306
30
080109
080301
0504
080702
0404
071006
0709
0307
0602
091006
071001
0305
090502
081006
070807
05
070708
090306
0208
070602
070510
070507
080705
081007
080407
080503
080603
070206
070202
070110
080305
060909
060908
090303
060701
090301
060509
040703
040704
040708
040706
040707
040705
040604
040609
040607
0406
080802
060401
080205
060305
060210
060209
060202
060110
060102
051010
050905
0102
050806
080909
050804
050703
0703
080402
050506
050502
080210
050405
050401
050310
080608
050207
050206
041003
090904
080310
040303
30
0105
0106
0103
0104
0107
01
090802
091006
02
0507
0704
040702
040605
081008
080509
090506
071009
090807
0407
0805
0203
0909
0310
0904
0907
090609
090103
080601
080706
0405
051005
0304
090307
091004
080510
0202
0204
080404
040701
04
080602
0303
090803
090203
0809
090304
0506
0807
091010
090809
080904
040801
090302
080306
040309
040307
040305
040304
040205
30
0408
080702
0410
071004
071003
0210
071001
070908
070906
090202
090308
070901
070810
080403
090410
090804
090901
080204
080609
080104
080810
070609
0606
070510
070509
090801
070506
080405
081003
070505
070504
070503
090402
070408
080606
080207
080506
080407
070401
070309
070308
090508
090107
080804
080603
070305
070208
070207
090907
080408
070203
070202
090408
070109
090810
080604
090905
080406
081004
090701
090704
061007
090106
061004
060909
060907
0705
060904
080710
090806
060810
060808
060807
060804
080910
060802
060709
060708
060707
090610
060704
060703
060609
060608
060607
060605
060604
060601
090301
060508
060505
060504
090607
060501
060405
090709
080709
060401
060310
060309
060308
080205
060307
060306
060305
060210
060209
060206
060202
060109
060108
060107
060106
060103
051010
051009
051008
051007
051006
080110
080906
051002
050909
0708
050904
050901
050810
050809
050807
0102
050804
050704
090405
080402
050607
050604
050602
090105
050509
050508
080210
050501
050410
050407
050405
050404
050309
0201
0108
050303
050302
050210
050207
050205
050204
050203
080107
080303
050105
080206
050101
041009
041008
040901
040809
040805
040804
030909
30
080301
0504
080702
0410
071004
071003
0210
070908
070906
090202
090502
080403
090410
090804
090901
070705
080204
080609
080104
080810
070603
0606
090510
070509
070506
080405
070504
070503
070502
090402
080103
080101
070408
080606
080207
080506
070407
081007
080707
081002
080407
070308
090508
080503
090107
080804
080603
070303
070302
070209
070208
070207
090907
080408
070204
070203
070202
090408
070109
090810
080604
070106
070105
090905
080406
081004
061009
090701
090704
061007
090106
061003
060909
060908
060907
060906
0705
060904
080710
090806
060807
060804
080910
060709
060708
060707
090610
060706
060703
060702
060608
060605
060604
090301
060508
090607
040602
060405
090709
080709
060310
060307
060206
060109
060108
060107
060106
060103
0810
051010
051009
051008
051007
080110
080906
051002
050910
050909
0708
050904
050902
050901
050810
050809
050807
0102
050804
050803
050710
050704
090405
0703
080402
050607
050602
050510
090105
050509
050508
050504
080210
050501
050410
050407
050405
0201
0108
050302
050210
050209
050203
080107
080303
050106
050105
080206
050101
041008
040901
040810
040809
040805
040804
30
080702
070902
090306
0208
080407
090505
070206
070202
070201
070106
061006
060708
060609
0801
090301
040509
060401
060308
080205
060307
060305
060109
050801
050301
050103
041007
040304
040208
30
0504
070905
090308
090502
0509
090804
070708
070707
070706
090306
070705
080409
070602
090510
070509
070507
070502
070408
080207
080705
081007
070406
070307
080503
070306
070304
070303
070301
080408
070204
070201
040710
070110
070109
070107
070105
080305
090905
070104
070102
081004
061009
061007
061006
061003
060909
060908
060905
060903
060806
060801
060705
080504
060508
040503
040704
060204
080110
050902
050805
050801
080106
050702
0703
050607
050510
090105
050507
050504
050501
050407
050402
050309
080302
0108
080608
050206
050204
080806
080303
050102
041010
040907
30
080109
0504
090606
071006
071005
071004
0210
0602
071001
070905
090110
070902
02
090308
081005
070901
0906
070810
090608
090502
081006
0509
090406
090108
070704
070702
070701
080810
070609
070608
0806
070607
0208
0606
090801
080405
081003
090402
080606
080705
081007
070405
070403
070402
070401
070310
070309
080603
070305
070203
080102
070105
070101
061010
090605
061008
061004
061002
090909
061001
060910
060908
0705
060901
060810
060809
060808
060805
060804
080910
060803
060710
060709
060704
0903
090303
060701
060609
0801
091007
060603
060601
060510
060509
060507
060506
060504
060502
040703
060407
090709
090509
080709
080410
080205
060302
060207
060108
060103
051009
051007
080906
051002
050904
050902
050901
050810
050809
050808
050806
080909
050804
050708
050706
080106
050705
050702
0703
050701
050602
0707
050503
050502
050410
050409
090305
050403
050402
080502
050310
080302
050308
050306
080608
050303
050301
050207
050206
080107
050109
050108
050107
050103
050102
041008
041007
041003
040906
040809
040807
040806
040805
040804
030906
30
0810
0707
0504
0503
0501
0408
0401
0307
0305
0210
0208
0102
091009
090806
090709
090704
090702
090604
090603
090602
090408
090407
090406
090405
090404
090403
090402
090401
090310
090107
090106
090105
081009
081005
080910
080909
080907
080905
080902
080901
080810
080801
080708
080604
080508
080506
080505
080504
080503
080502
080410
080405
080401
080309
080308
080307
080306
070602
070601
070207
070206
070205
070204
070203
070202
060902
060901
050909
050908
040910
040909
040901
040805
040106
040707
040501
30
0408
080702
071007
0403
0309
0404
071004
071003
071001
070910
090710
070901
0906
0803
070806
090901
070708
0208
070510
080407
080503
070206
080305
090301
060509
040505
040703
040704
040708
040706
040707
040705
060401
081001
080205
060305
060209
060110
050905
080607
0102
050703
050502
080210
050405
090904
080310
040603
30
091009
0501
0802
0709
0307
0706
090401
080605
0710
070910
070909
070907
080304
090710
080505
070903
081005
0901
06
0906
070809
090908
080901
070807
0601
070709
070701
070610
070607
0505
070508
070501
070409
070404
090205
090708
090505
070210
080907
070205
070107
0701
061005
061002
090909
0705
090604
091005
0903
060610
060606
060602
060503
060501
040708
040604
040607
060410
060409
060408
090509
0406
080802
080410
0205
0310
060208
090603
080507
080203
060108
060105
0810
090310
051004
051003
051001
050908
050907
090805
050904
090702
050705
0608
080401
050610
050608
090703
050601
050509
0510
090109
050304
090707
050302
050208
050202
050201
050110
050104
050103
080508
080905
040909
040905
040904
040901
080808
040804
090206
040307
040208
040206
30
01
0501
0110
0107
0106
0105
0104
0103
091006
090904
090901
090804
090708
090707
090705
090704
090610
090607
090606
090604
090602
090510
090508
090502
090410
090409
090408
090405
090403
090402
090310
090308
090303
090301
090210
080308
080108
080107
080106
080104
080103
080102
070410
070409
070408
070406
070405
070403
060903
060504
051009
040908
040609
040410
30
091009
0501
0802
080702
0410
0709
0307
0210
0706
090401
080605
0710
070910
070909
070907
080304
090710
080505
070903
0901
070809
090908
080901
070806
0601
070804
070802
05
070709
080403
090410
090804
080204
070610
0505
070605
070604
0606
070509
070508
070506
090402
070501
080606
080207
070404
090708
090505
070202
070109
080406
0701
090106
061005
0705
090604
060610
060604
060602
060503
040504
060410
060409
060408
060405
0302
0406
080802
0205
0907
060309
060304
060303
060302
060210
060209
060208
060207
090603
080507
060206
080203
060204
060203
060202
060105
0810
090310
080307
050910
050908
050907
090805
080809
090702
050707
0608
080401
050701
050609
050608
090703
050508
050504
080210
0510
050407
050303
050210
050208
050202
050201
050110
041002
040910
080905
040909
040904
080808
030908
030903
040309
30
0404
070905
090710
081005
090908
080901
081006
070807
070706
090306
080409
070602
070509
070507
080405
070408
080207
070307
090107
070304
070301
080408
080907
070203
070202
090408
070110
090810
080604
070107
080305
070102
061007
061005
060909
060905
060904
060903
090806
090604
060809
080910
060707
060705
060703
080504
090301
060508
040707
060408
090709
080410
060310
060307
060210
060204
060202
060108
060107
060106
060103
060102
0810
0405
051010
051009
051008
090310
080307
051007
051006
080110
050904
050903
0102
050806
050805
080909
050801
090702
080106
050704
0608
080402
050607
050510
050506
0707
050503
050501
050410
050405
050401
080502
0201
080608
050302
050206
050205
080806
080107
080303
050105
080206
041008
040910
080905
040909
040907
040905
040901
040805
040804
040304
30
091009
0403
0404
090401
0602
0607
070909
070806
0601
070804
070802
0206
080108
05
070710
0503
070706
081009
090108
070703
080104
070701
070606
090507
070605
070604
070603
070602
070601
090510
070505
070504
070503
070502
070410
090505
070307
070306
070303
070302
090907
070206
070201
070108
070106
070103
0701
061010
061006
060807
060803
060802
060708
060705
060609
060603
040410
040705
040604
040607
060410
060409
0605
090509
0302
0406
080802
060401
060308
080309
060304
060303
0308
0808
060110
060109
060105
080307
050910
050908
050906
050805
080807
050802
050801
080809
050709
050707
0608
090501
050609
090705
050608
050606
050604
090703
050507
050505
0510
050406
050308
050304
050301
050203
080308
050201
050108
050103
041009
090102
041007
041002
041001
040910
040907
040904
040903
040902
080808
080708
040808
040803
040309
040308
040303
040208
30
08
0907
0906
0810
0807
0709
0708
0707
0706
0705
0703
0702
0608
0607
0606
0605
0603
0602
0601
0510
0504
0501
0410
0406
0404
0403
0309
0308
0306
0302
0210
0206
0205
0201
0109
0101
080608
080607
080606
080605
080604
080603
080508
080507
080506
080505
080504
080502
080410
080408
080406
080105
070909
070803
070802
070801
070710
070204
070203
060901
060503
060303
040903
040810
040709
040702
040609
040608
30
0408
0802
090606
0706
081005
090908
080901
090409
080108
0503
080409
070601
080405
070410
070408
090708
090107
080907
070203
090408
040710
090810
080604
090706
061007
061005
060904
090806
090604
060809
080910
060707
060703
090301
060508
060504
090607
040707
040609
040607
060408
080908
090709
0502
060310
060307
060108
060107
060106
060103
060102
080902
0810
0405
080701
051010
051009
051008
090310
080307
080801
051007
051006
080110
050904
0102
050710
090702
050704
0608
090705
050607
050505
0707
050503
050501
050410
050403
0401
050302
080308
080107
080303
050107
050105
080206
0204
041008
041006
040910
080905
040909
040901
080708
040805
040804
040303
030905
30
080109
0408
0802
090606
0403
0309
071006
0709
0307
071003
0706
071001
0607
070909
070908
070907
070906
070901
0901
0906
070810
0803
05
0503
080609
070610
070607
080409
0505
080506
070406
070404
090708
070210
070209
070208
070207
040710
080102
070110
070107
070104
070101
060902
060901
060808
091005
0903
060605
060602
060504
090607
060501
040702
080509
080908
060403
080410
090602
0502
0205
0909
091002
060304
060201
090208
050907
050906
080607
050807
080704
080807
050802
050708
0609
090407
050509
050506
090109
050403
0401
050305
090707
050208
050202
050110
080806
050107
050106
050104
040906
080808
040807
040610
090903
091010
040308
040208
030905
30
06
040410
040704
040702
040605
040609
040607
0605
080709
090609
051005
080607
080704
080501
091004
0510
0910
0101
040210
08
30
09
080109
0408
080301
0802
090606
071007
0403
0309
071006
0709
0706
0602
0607
091003
0803
0704
090409
070808
070807
080105
0206
080610
080108
05
070710
0503
081009
070703
080409
070606
090507
070601
070410
090708
040710
070108
070103
060504
090607
040604
040609
060406
080908
0605
060404
060403
0406
080802
090602
0502
081001
080309
090403
091002
0308
060201
0808
080902
060101
080801
090309
090208
050906
080607
080704
080807
050802
050710
050709
090501
090207
090705
050606
090407
050505
050408
050406
050403
0401
050305
080308
050107
090102
041006
041001
040903
040902
040810
090404
080708
040808
040802
040309
040305
040304
30
03
01
0908
0810
0802
0710
0706
0705
0510
0503
0502
0501
0403
0308
0307
0306
0305
0302
0210
0209
0207
0206
0204
0202
0110
091009
091008
091006
091002
090909
090906
090903
090902
090808
090805
090802
090603
090601
090406
090308
090210
081010
081009
081008
080904
080807
080803
080802
080704
080703
080610
080510
080404
080308
080108
071008
071007
071005
070803
070606
070605
070108
060404
060403
060402
060101
051005
050608
041005
040908
040705
040609
040607
040205
30
090710
081005
090908
080901
090409
081006
070807
080108
070601
080405
070410
090107
080907
070203
090408
090810
080604
090706
061005
060904
090806
090604
060809
080910
060703
040707
040609
060408
090709
080410
090403
0808
060108
060107
060106
060103
060102
080202
080902
0810
060101
080701
051009
051008
090310
080307
080801
051007
090309
051001
050910
050909
050908
0708
050904
050710
090702
050704
0608
090201
090705
090504
050505
0707
050503
050410
0401
080502
0201
050302
050205
080308
080107
050105
050101
041008
041006
040910
080905
040909
040905
040901
080708
040805
040804
040210
30
091009
0403
090401
0602
01
0607
070909
081005
090908
080901
090409
070806
0601
070804
070802
0206
080108
070801
05
070710
0503
081009
090108
070703
070701
070606
090507
070605
070604
070601
080405
070410
090505
080907
070203
070108
070103
0701
061010
090706
061005
090604
060809
080910
060803
060609
060603
040508
040410
040501
040707
040702
060410
060409
060408
090709
0605
090509
0302
0805
0203
0406
080802
080309
060304
060303
0308
0808
060108
060107
060105
060103
080202
080902
0810
060101
0405
080701
051009
090310
080307
080801
051007
090309
051001
050910
050908
050906
050904
080807
050802
080809
050710
050709
090702
050707
0608
090501
050609
090201
090705
090504
050608
050606
090703
050505
0707
050503
050410
0510
050406
0401
050308
050304
0306
050302
050301
080308
050201
080107
050108
050103
090102
041008
041007
041006
041004
041002
041001
040910
080905
040909
040904
040903
040902
080808
080708
040808
040805
040804
040803
0506
040210
040205
30
071008
071004
0210
090401
080605
090308
070808
070805
0509
0601
080403
090410
081010
080204
0606
070506
090402
080606
080406
081004
090106
0705
080710
060804
060709
040704
040609
060410
060405
0302
051004
080906
051003
051002
090805
050809
080704
050806
090405
080510
050610
050609
0301
050508
090902
0202
050309
080302
0108
050201
080508
040903
040301
040208
30
091009
080109
0501
071008
090210
071006
071005
0709
071004
0210
090401
071002
0602
01
080605
0607
070909
090308
070808
070807
070805
0509
0601
070804
080105
070803
070802
0206
080610
070801
05
090104
070709
081010
090406
081009
070702
070701
070608
070604
0606
070508
090402
070501
080606
070405
070403
070401
070310
070305
070205
070108
070103
0701
061010
061002
0705
060804
060803
060709
060704
060606
060603
060601
040506
040505
040503
040704
060410
090509
0302
0805
0406
060402
080802
0909
0907
090609
080601
060105
051005
051004
080906
051003
051002
090805
090307
080903
080704
080809
050709
050707
091004
080510
050610
050609
050608
050606
050605
0301
090703
090902
0510
090305
0202
080302
050308
050304
050201
050109
041004
041001
080508
040904
040903
040802
090503
040205
30
080109
0403
071006
0709
0307
071003
071001
070907
070906
080304
070904
090110
080505
070903
070901
0906
070810
0803
090608
081006
05
090104
080609
080810
070607
070510
081003
080506
070404
080603
070208
070207
080102
070101
090605
060902
060901
060808
091005
090303
060701
060605
060602
060509
040703
040609
080709
060404
090602
0205
091002
060304
080607
050901
050810
050809
050808
050807
080501
080807
050804
050708
090407
090910
050603
050602
050601
050310
050307
050306
050208
050207
080703
050110
050104
090102
041003
040908
040906
040810
090404
040809
040807
040401
040208
30
080109
090606
0403
071006
071005
0709
0307
071004
0210
0602
071001
070907
080304
070904
090110
080505
070903
02
090308
081005
070901
0906
070810
0507
0803
090608
081006
0509
05
090104
090406
090108
070704
070702
070701
070609
070608
0806
070607
0606
090801
080405
081003
090402
080606
070405
070404
070403
070402
070401
070310
070309
070305
070203
080102
070101
061010
090605
061008
061004
061002
090909
061001
060910
0705
060902
060901
060810
060809
060808
091005
060805
060804
080910
060803
060710
060709
060704
0903
090303
060701
060609
091007
060603
060602
060601
060510
060509
060507
060506
060504
060502
040507
040703
040609
060407
090709
090509
080709
060404
080410
090602
0205
091002
060304
060302
060207
060108
060103
051009
051007
051005
080906
051002
080607
050904
050808
080501
080807
050708
050705
050701
090407
090910
050603
050601
0707
050503
050410
090109
090305
050403
080502
050310
080302
050308
050307
050306
050301
050208
050207
080703
050110
080107
050109
050108
050107
050104
050103
090102
041008
041007
041003
040908
040810
090404
040806
040804
090302
040205
30
0408
0802
090606
0706
0110
070908
0901
0503
070610
080409
0505
090708
070210
0903
060506
060504
090607
060501
040708
040609
080908
0502
090209
0808
090309
051001
050910
050909
050908
0708
090208
080209
050907
050906
050802
050509
090109
080803
050403
0109
050305
090707
050202
050107
050106
050101
080808
040308
040304
30
091009
0501
0802
090606
0709
0307
0706
090401
080605
090802
0110
0710
070910
070909
070907
070906
080304
090710
080505
070903
081005
0901
06
0906
070809
0704
090908
080901
070807
0601
0503
070709
070701
070610
070607
0505
070508
070501
070409
070404
090205
090708
090505
070210
080907
070205
0701
061005
061002
090909
0705
090604
091005
0903
060610
060606
060602
060504
060503
040508
040505
040502
040708
040702
040609
060410
060409
060408
080509
090509
0407
0406
080802
080410
0502
0205
0310
060208
090603
080507
080203
090209
0808
080706
060108
060105
0810
090310
051004
051003
090309
051001
050910
050908
090208
080209
050907
0304
050906
090805
050904
050802
090702
050705
0608
080401
050610
050608
090703
050601
0510
090109
080803
050403
0109
050305
050304
090707
050302
050208
050202
050201
050110
050107
050104
050103
0204
080508
080905
040909
040905
040904
040901
080808
040804
090206
090803
0807
090903
091010
040307
040305
040205
30
09
091009
0501
0802
071007
0309
090210
0307
0706
071002
01
090802
091006
0110
0710
070910
070907
06
070809
0704
070808
070807
070806
070805
080108
070801
05
090104
070710
081010
070605
070409
090205
090706
040702
040605
040609
060409
080509
090601
071009
090807
0407
0805
0203
0402
060403
0406
060402
080802
0909
0310
081001
0904
0907
0604
090609
090103
080601
080706
0405
051005
080209
0304
090307
091004
080510
090910
0301
050408
0202
0109
0207
080703
0204
041005
041002
040908
040808
080404
090206
090903
091010
040309
040307
040305
040210
040208
30
071007
0403
0309
0709
0307
071003
071002
091006
0710
070910
0906
070809
0803
070806
090104
070710
090901
070704
070609
0806
070605
090801
070409
070402
090205
070309
070101
061008
090704
090909
061001
060910
060907
060902
060805
060710
090610
091007
060602
060510
060507
060506
060505
060502
040706
040609
060409
060407
0605
060403
060402
090602
081001
060104
050502
050408
050404
0207
041005
041002
040908
040808
090206
091001
080602
040304
040302
040210
30
080109
0802
090606
071007
0403
0309
071006
0709
0307
0706
071002
0602
091006
0110
0710
0607
070910
070904
0906
070809
0803
0704
090409
070808
070807
070806
080105
070803
0206
080610
080108
070801
05
090104
070710
0503
081009
070704
070703
070609
0806
070606
090507
070605
070601
090801
070410
070409
070402
090205
090708
070309
070108
070103
070101
061008
061004
090909
061001
060910
060907
060902
060805
060710
091007
060602
060510
060507
060506
060504
060502
040706
040609
060409
060407
060406
0605
090601
071009
0402
060404
060403
0406
060402
080802
090602
0502
0310
081001
080309
090403
091002
090204
0308
060205
060201
090209
0808
080706
080202
080208
080902
060101
080801
090309
090208
050906
080607
080704
080807
050802
050710
050709
050705
090501
090207
090705
090504
050606
090407
050603
050505
090902
050409
050408
080803
050406
050403
0401
0109
0207
050305
0306
080308
050107
090102
041006
041005
041004
041002
041001
040908
040903
040902
040810
090404
080708
040808
090206
040802
091001
04
080602
040801
040307
040203
040205
30
09
090210
01
090802
091006
06
0704
070805
080105
070803
0206
080610
070801
090104
081010
070108
090706
040702
080509
071009
090807
0407
0805
0203
0402
060402
0905
0909
0310
0904
0907
0604
090609
090103
080601
080706
0405
051005
080209
0304
090307
080903
091004
080510
050605
090910
0301
0202
0109
0207
080703
0204
040908
080404
040802
090903
091010
040307
040305
040205
30
09
0507
040702
040609
090506
0402
0907
0604
0204
040701
040610
04
0303
090203
0809
091010
03
0910
091003
091008
040205
30
040702
040701
040610
040609
0902
090304
01
0506
0907
090203
04
0204
0303
0809
09
0508
091010
0402
0905
040305
040204
30
0409
07
0905
0402
091010
0507
0508
090601
0604
09
040701
040702
030810
040204
30