10
08051010
08051010
05101010
08091010
09050510
08051010
06051010
08051010
08091010
05101010
08101010
09031010
09011010
09091010
07021010
08051010
011010
08101010
09061010
021010
08060510
09051010
08070510
011010
08081010
08061010
09051010
09081010
081010
09081010
09101010
011010
021010
09081010
09081010
08101010
051010
09020510
09061010
08101010
080510
09081010
08081010
011010
07101010
08071010
07101010
09051010
09081010
021010
021010
08051010
07101010
08051010
09091010
041010
09061010
09071010
09061010
081010
05101010
031010
08081010
09081010
09011010
061010
09071010
07061010
09071010
08051010
09041010
09031010
09051010
09031010
081010
09021010
08070510
09071010
09031010
011010
10
061010
09031010
09060410
09051010
08091010
08061010
09021010
021010
09051010
09021010
031010
09101010
071010
071010
071010
071010
070510
051010
08101010
08101010
08041010
09051010
08091010
08101010
08091010
06101010
09050510
09020510
09021010
021010
09061010
021010
09021010
041010
071010
08101010
09011010
09101010
021010
09021010
031010
08061010
021010
09061010
10
08061010
08091010
011010
09081010
09101010
09080510
09101010
09021010
09051010
021010
011010
09031010
09091010
031010
09010510
08101010
011010
021010
09061010
09081010
021010
09041010
08051010
031010
09101010
031010
09051010
08071010
08101010
09031010
09020510
041010
09061010
10
09051010
021010
09021010
09071010
09101010
09051010
09051010
09071010
09081010
021010
09061010
021010
09021010
061010
09061010
08101010
09051010
08050510
071010
09081010
09021010
09051010
09041010
09101010
09051010
09031010
08080510
041010
08081010
09101010
09081010
09101010
09101010
011010
041010
09031010
08101010
09061010
09021010
08101010
09061010
08091010
041010
09081010
021010
031010
09071010
09101010
09051010
09091010
051010
09021010
09051010
09071010
09091010
08070510
09041010
09031010
09051010
021010
09061010
09081010
09061010
050510
09011010
021010
09011010
09101010
08091010
09101010
091010
09071010
051010
08101010
041010
09051010
09021010
081010
09031010
08090510
011010
061010
09051010
09081010
09081010
031010
09101010
08051010
08071010
08101010
08071010
09071010
09021010
09101010
09061010
041010
041010
011010
09031010
09041010
071010
041010
081010
021010
09101010
08081010
10
071010
09071010
060510
09040510
09021010
09071010
08090510
051010
09051010
051010
021010
051010
071010
09021010
09011010
051010
031010
070510
011010
09041010
09041010
09021010
031010
09101010
08101010
021010
041010
09010710
031010
011010
09101010
031010
09061010
07101010
08100710
09051010
031010
09101010
09081010
09101010
09051010
09021010
09081010
09101010
051010
09051010
041010
031010
08101010
09081010
061010
021010
021010
09081010
08101010
09081010
09090510
08101010
09010710
09050710
09050710
08101010
09031010
09061010
041010
061010
051010
041010
09101010
09061010
09101010
09091010
09081010
09101010
011010
09031010
09061010
09081010
09031010
031010
061010
09061010
021010
041010
09071010
051010
031010
09101010
011010
011010
031010
09081010
09061010
09071010
031010
09081010
021010
021010
09071010
09101010
031010
021010
09101010
09071010
09101010
081010
041010
09101010
031010
021010
011010
051010
09061010
021010
011010
031010
071010
09071010
051010
09081010
061010
051010
041010
021010
09061010
051010
011010
031010
041010
08101010
061010
09101010
09061010
041010
021010
031010
041010
09081010
09081010
021010
09091010
09081010
09081010
051010
041010
031010
021010
041010
031010
061010
09101010
09101010
09081010
011010
011010
09101010
030510
09101010
09081010
09071010
09091010
041010
09071010
09061010
09071010
031010
051010
051010
011010
011010
041010
09041010
09101010
09101010
09071010
011010
09101010
09101010
031010
011010
09061010
09061010
09101010
09101010
09101010
09091010
011010
09071010
09071010
09081010
011010
021010
09051010
09061010
09081010
011010
09021010
021010
09051010
09041010
09041010
071010
081010
071010
081010
080510
080510
070510
09041010
09051010
09071010
09011010
051010
070510
09061010
09081010
011010
09021010
051010
031010
061010
09021010
061010
031010
09101010
011010
031010
09081010
09051010
09101010
061010
09051010
051010
09101010
011010
011010
011010
08081010
09101010
09081010
09101010
09071010
09051010
021010
09071010
09081010
08101010
071010
09071010
080510
021010
031010
021010
011010
09101010
021010
061010
051010
041010
031010
09051010
031010
09031010
09051010
09081010
09071010
071010
09091010
011010
071010
041010
09101010
09061010
09041010
09101010
051010
09021010
09011010
09101010
09031010
030510
09061010
041010
021010
031010
061010
051010
09041010
051010
011010
071010
051010
09101010
021010
09021010
041010
09021010
061010
031010
09101010
041010
061010
011010
020510
09081010
09011010
09101010
09041010
09081010
011010
09051010
09091010
09101010
011010
09061010
09091010
041010
011010
041010
011010
09061010
09081010
09081010
09081010
09061010
09081010
021010
021010
09071010
09091010
031010
021010
051010
021010
09061010
09081010
09041010
09031010
09011010
09081010
09071010
09051010
09071010
09061010
08101010
051010
09091010
09091010
09071010
09051010
09031010
09071010
09021010
031010
09031010
011010
09101010
031010
011010
09071010
09041010
08090510
031010
09021010
10
10
10
10
10
10
10
10
10
10
10
10
10
10
10
10
10
10
10
10
10
10
10
10
10
10
10
10
10
10
10
10
10
10
10
10
10
10
10
10
10
10
10
10
10
10
10
10
10
10
10
10
10
10
10
10
10
10
10
10
10
10
10
10
10
10
10
10
10
10
10
10
10
10
10
10
10
10
10
10
10
10
10
10
10
10
10
10
10
10
10