0204
0204
0808
091009
090606
071008
071008
0309
090210
071006
0210
0706
071002
080605
090802
0110
0110
0710
0906
0704
080403
080403
0902
090104
090410
081010
081010
090901
070610
070510
090801
070501
080207
080705
080907
080406
080406
0508
090106
061005
080710
060809
0903
0406
0310
090609
060304
090204
060208
0308
060201
080601
060108
060107
080208
0810
080701
080701
080307
080801
051007
051003
051002
090309
090309
051001
050910
050908
080209
0304
0304
090805
090307
080607
050809
080501
050806
080807
050709
050705
090501
090201
090705
090504
090910
0301
050603
050508
050505
090902
090902
050503
0510
0202
050310
080302
0109
0306
050208
080308
080703
050202
041006
041003
040908
040902
090404
080708
040808
040807
040806
040804
040802
091010
0409
0209