080702
0404
0410
070906
090202
0305
070707
090306
0208
070602
070507
080407
070206
070202
070110
060909
060908
090301
040706
060401
080205
060305
060210
060209
060202
060102
051010
050905
0102
050806
080909
050703
080402
050502
080210
050405
050401
090904
040208
040207
30
080702
0410
0305
0208
080407
070206
090301
040410
040708
060401
060310
060308
080205
060307
060306
060305
060209
050905
050903
0102
050703
0609
050502
080210
050405
090904
040208
30
080702
0410
071001
070908
070901
070810
080403
090410
090804
070707
080204
070609
070509
090801
070506
080405
081003
070408
080207
070405
080407
070401
070309
090107
070305
080408
070202
090408
070109
090810
080604
090905
080406
070101
061007
090106
061004
060909
060908
060904
080710
060810
060804
060803
060710
060707
060704
060703
060609
090301
060508
060504
040705
060310
060309
060307
060106
051010
051008
051006
080110
050909
0708
0102
050704
080402
050607
080210
050501
050407
050405
050209
050204
050203
080303
050105
080206
050101
040906
040807
30
0504
070905
090502
090804
070708
070706
070705
080409
0208
070602
070510
090510
070509
070507
070502
070408
080207
080705
081007
070406
070307
080503
070306
080603
070304
070303
070301
080408
070204
070201
040710
070110
070109
070107
070105
080305
090905
070104
070102
061009
061007
061006
061003
060909
060905
060903
060806
060801
060705
080504
060508
040703
060204
080110
050902
050805
080909
050801
080106
050702
0703
050607
050510
050507
050504
050502
050501
050407
080608
050206
050204
080806
080303
050102
041010
040209
30
091009
0210
0602
080605
0607
070909
070808
070805
070801
080403
090410
090804
081010
070706
081009
080204
080104
070701
070603
0606
070509
070506
070505
070504
070503
070502
080207
070307
070306
070303
070302
090907
070109
070103
080406
061010
090706
090106
060909
080710
060807
060804
060803
060709
060705
0302
060110
080906
051002
080209
090805
090405
090201
050606
090910
0301
090703
0109
0207
080308
080703
080107
080508
040908
040904
040903
040901
040805
30
0408
080702
0410
071001
070908
070906
090308
070901
070810
080403
090410
090804
080204
070609
070510
070509
090801
070506
080405
081003
070505
070408
080207
080506
070405
080407
070401
070309
090107
080804
080603
070305
090907
080408
070202
090408
070109
090810
080604
090905
080406
070101
061007
090106
061004
060909
060904
080710
060810
060807
060804
060802
060710
060709
060708
060707
060704
060703
060609
060607
060605
060604
090301
060508
060505
060504
090607
040705
060310
060309
060307
060106
051010
051008
051006
080110
050909
0708
050810
0102
050704
080402
050607
080210
050501
050407
050405
050309
0108
050210
050207
050204
050203
080303
050105
080206
041009
040906
040807
30
0404
070905
070706
090306
080409
070602
070509
070507
070408
080207
070307
070304
070301
080408
070202
070110
070107
080305
070102
060909
060905
060903
060705
040706
060210
060204
060202
060102
051010
050806
050805
080909
050801
080106
080402
050607
050501
050405
050401
080608
050207
050206
080806
041010
040603
040208
040207
30
0410
0305
080407
040703
060310
060308
060307
060306
060305
050905
050903
0609
30
080301
0504
071003
070908
070906
090202
080403
090410
090901
090306
070705
080204
080609
080104
080810
070603
090510
070506
070504
070503
070502
080103
080101
080506
070407
081007
080707
081002
070308
090508
080503
090107
080804
080603
070303
070302
070209
070208
070207
090907
070204
090408
070109
090810
080604
070106
070105
080406
081004
061009
090701
090704
061003
060907
060906
060904
090806
060807
060708
060707
090610
060706
060702
060608
060605
060604
060508
090607
060501
040704
040708
060206
060203
060106
051006
0708
050902
050901
050810
050809
050807
050803
050704
0703
050602
050510
050509
050504
050407
050309
0201
0108
050210
050205
050106
050105
080206
30
080109
0504
090606
071005
070905
090110
070807
0509
090108
070701
080810
070608
070607
0208
081003
080705
081007
070403
090205
070310
080603
070210
080907
070205
070203
080102
070105
061010
090605
061008
061002
060910
060901
091005
060805
060803
0903
090303
060701
091007
060509
060507
040703
080709
080205
060302
051001
050902
050901
050810
050809
050806
080909
050708
080106
050702
0703
050701
050602
050502
090109
050310
050306
080608
050206
050103
050102
041003
040806
30
060102
050801
050206
050806
050607
050401
040907
0602
090303
080806
080408
080402
080305
080110
080103
071003
070706
070509
070308
070303
070302
070301
070109
070107
070106
061007
061003
060905
060601
060505
050902
050102
040710
051006
050805
050702
050209
081007
080609
080603
080506
080503
080410
080101
071004
070705
070603
070602
070504
070208
070201
070102
061009
061004
060908
060903
060810
050309
050301
041003
070101
051008
050109
0205
0108
090801
081006
070704
070510
070210
060902
060808
060704
060604
060510
060507
0608
0601
0503
0406
0302
090909
090705
090410
090407
090401
090102
081005
080908
080905
080808
080307
080208
30
0408
071003
070910
070905
070901
070806
090901
070706
090306
080409
070602
070509
070507
070408
080207
070307
070304
070301
080408
070202
070110
070107
080305
070102
060909
060905
060903
060705
040706
060210
060204
060202
060102
051010
050806
050805
080909
050801
080106
080402
050607
050501
050405
050401
080608
050206
080806
041010
040603
30
0501
0709
0307
0706
080605
0710
070910
070909
070907
080304
080505
070903
090908
080901
070709
0505
070508
070501
090708
070210
070107
061005
0903
060501
040509
040708
060208
090603
080507
050907
080401
050509
090109
050110
30
080301
0501
071005
0709
0307
0706
080605
0710
070910
070909
070907
090202
080304
080505
070903
0305
090908
080901
070807
070709
090406
070701
070608
070607
0505
070508
070507
080101
070501
070405
070403
090205
090708
070401
070310
070308
090508
080804
070305
070210
080907
070205
061009
061005
061003
061002
060906
060905
060903
060806
091005
060801
060704
060702
060608
060607
060606
060505
040602
040705
060305
060208
090603
080507
051001
050907
050803
050703
080401
050401
050110
050103
041010
30
080702
0410
0210
080605
070709
080403
090410
090804
080204
0606
070509
070506
080207
070202
070109
080406
090106
060610
060604
060503
040507
040504
040704
040705
060302
060210
060209
060208
060207
090603
080507
060206
080203
060204
060203
060202
050707
080401
050701
050504
080210
050407
050210
090102
040806
30
080301
0504
071003
070908
090202
070905
080403
090410
090804
070708
070705
080204
080409
070603
090510
070509
070506
070503
070502
080103
080101
070408
080207
070407
080705
081007
070406
080707
081002
070308
080503
090107
070306
070304
070303
070302
070209
070207
080408
070204
070201
090408
040710
070109
090810
080604
070106
070105
090905
070104
070102
081004
061009
090701
061007
061006
061003
060907
060906
060905
060904
060903
090806
060806
060801
060707
090610
060706
060705
060703
060702
060608
080504
090301
060508
060501
040501
040707
060310
060307
060204
060203
060106
060102
051010
051008
051006
080110
050903
050902
0102
050803
050801
050704
050702
0703
050607
050602
050510
050507
050504
050501
050407
0201
050205
050204
080303
050106
050105
080206
050102
30
0404
0602
070706
090108
080104
070701
070604
070603
070602
090510
070505
070504
070503
070502
070307
070306
070303
070302
090907
070206
070201
070106
061010
061006
060807
060803
060802
060708
060705
060609
060602
040410
040707
060401
060308
060105
050805
050801
050507
050304
050301
050208
050108
050103
041009
040905
30
080702
070509
070308
070303
070302
070301
070109
060905
050805
080207
080204
070502
070209
060705
090505
070504
070208
050407
050705
050701
050609
050606
050208
050202
050103
040909
040805
0707
090804
070709
060304
080605
080403
0608
070909
070703
090902
070605
050605
0810
0803
0403
0309
0306
30
0408
090606
080409
080405
070408
090107
080907
070203
090408
040710
090810
080604
061007
060904
090806
090604
060809
080910
060707
060703
090301
060508
060504
090607
040508
040704
040707
060310
060108
060107
080307
051004
051003
050609
050604
050410
041008
041002
090206
30
080109
0408
090606
071006
071003
071001
070908
070906
070901
070810
080609
070610
070607
080409
080506
070406
070210
070209
070208
070207
040710
080102
070110
070107
070104
070101
060902
060901
091005
0903
060605
060504
090607
060501
040508
040504
040703
040707
060304
050807
050708
0609
050509
090109
050202
080806
050106
040906
040807
040210
30
0410
0305
070707
080407
040703
090509
060310
060308
060307
060306
060305
050905
050903
0609
0707
080502
080302
050303
040907
30
080109
0408
080301
090606
071006
0602
070809
070807
070610
080409
070604
070409
070404
040710
090604
060610
060606
060602
060504
060503
090607
040706
060304
080203
080307
051004
051003
050707
050609
050304
050208
050202
090102
041002
040905
040210
30
090606
071006
071005
0210
0602
080605
071001
070908
090110
090308
070901
070810
090908
080901
070808
0509
080108
080403
090410
090804
090406
080204
090108
070704
070701
070609
070608
0806
070607
070601
0606
070509
090801
070506
080405
081003
070410
070408
080207
070405
070403
070401
070310
070309
090107
070305
080408
080907
070203
090408
080102
070109
090810
080604
090905
080406
070101
061010
090605
061008
061007
090106
061004
061002
060910
060909
060904
080710
060902
060901
060810
060809
060805
060804
080910
060803
060710
060709
060707
060704
060703
0903
090303
060701
060609
091007
060510
060509
060508
060507
060506
060504
040705
0302
060404
060403
060302
060207
0808
060106
051008
051006
080110
051001
050910
050909
050908
0708
050708
050704
050701
050607
050501
090109
050407
050310
050306
050301
050204
050108
080303
050105
080206
050103
041003
040906
040807
040806
30
080301
0504
071003
070908
090202
070905
090908
080901
070807
080403
090410
090804
070708
070705
080204
080409
070603
090510
070509
070506
080405
070503
070502
080103
080101
070408
080207
070407
080705
081007
070406
080707
081002
070308
080503
090107
070306
070304
070303
070302
070209
070207
080408
080907
070204
070203
070201
090408
040710
070109
090810
080604
070106
070105
090905
070104
070102
081004
061009
090701
061007
061006
061005
061003
060907
060906
060905
060904
060903
090806
060809
060806
080910
060801
060707
090610
060706
060705
060703
060702
060608
080504
060508
040707
060204
060203
060106
051008
051006
080110
050902
050803
050801
050704
050702
0703
050607
050602
050510
050507
050504
050501
050407
0201
050205
050204
080303
050106
050105
080206
050102
30
091009
0403
0602
070909
0206
080108
070710
070706
081009
090108
080104
070701
070606
070603
070602
070601
090510
070505
070504
070503
070502
070410
090505
070307
070306
070303
070302
090907
070201
070108
070106
070103
061010
061006
060807
060803
060802
060708
060705
060609
040707
0308
0808
050906
050805
050802
050801
090501
090207
050507
050301
050108
050103
041009
040902
040802
30
080301
0504
071003
090401
070908
070906
090202
090308
0509
0601
080403
090410
090901
070705
080204
080609
080104
080810
070603
090510
070506
070504
070503
070502
080103
080101
080506
070407
081007
080707
081002
070308
090508
080503
090107
080804
080603
070303
070302
070209
070208
070207
090907
070204
090408
070109
090810
080604
070106
070105
080406
081004
061009
090701
090704
061003
060907
060906
060904
090806
060807
060708
060707
090610
060706
060702
060608
060605
060604
060508
090607
040704
040708
060206
060203
060106
051006
0708
050902
050901
050810
050809
050807
050803
050704
0703
050602
050510
050509
050504
050407
050309
0201
0108
050210
050205
050106
050105
080206
040208
30
080109
0408
080301
0501
071006
071005
0709
071003
0602
071001
0607
070909
070906
090202
090308
070901
070810
070807
070804
070802
0206
05
070709
090410
090901
090406
070706
081009
080204
080609
080104
070701
080810
070609
070608
070603
070510
070508
090801
070506
080405
081003
070505
070504
070503
070502
080101
070501
080506
070405
070403
070401
070310
070309
070308
070307
090508
090107
080804
070306
080603
070305
070303
070302
070208
070207
090907
070205
090408
070108
090810
080604
070103
080406
081004
061010
061009
090701
090704
090106
061004
061003
061002
060907
060906
060905
060904
080710
060903
090806
060810
060807
060806
060804
060803
060802
060801
060708
090610
060705
060704
060703
060702
060609
060608
060607
060605
060604
060505
060504
090607
040704
080802
060206
060106
051008
050909
0708
050810
050809
050807
050805
050803
050704
050602
050509
050309
0201
0108
050210
050205
050105
041010
041009
040802
30
0504
071001
070905
090502
081006
090804
070708
070706
070705
080409
070602
070510
090510
070509
070502
070408
080207
080705
081007
070406
070307
080503
070306
080603
070304
070303
070301
080408
070204
070201
040710
070110
070109
070107
070105
080305
090905
070104
070102
061009
061007
061006
061003
060909
060905
060903
060806
060801
060705
090303
060701
080504
060509
060508
040703
0406
060204
080110
050902
050805
050801
080106
050702
0703
050607
050510
050507
050504
050501
050407
050310
080608
050206
050204
080806
080303
050102
041010
041003
30
080109
0504
090606
071005
0710
070909
080304
070905
090110
080505
070903
090908
070807
0509
090108
070701
080810
070608
070607
0505
081003
070501
080705
081007
070403
090205
070310
080603
070210
080907
070205
070203
080102
070105
061010
090605
061008
061002
060910
060901
091005
060805
060803
0903
090303
060701
091007
060509
060507
040703
080709
060302
060208
051001
050902
050901
050810
050809
050708
080106
050702
0703
050701
050602
090109
050310
050306
080608
050206
050103
050102
041003
090404
040806
30
080702
0410
0305
0503
070703
0208
090402
080606
070402
080407
070206
090909
0705
090301
040708
0205
060401
060310
080309
080205
060307
060306
060305
060301
090204
060209
060103
080202
080902
051007
090309
050905
080607
050903
050808
080704
0102
080807
050705
050703
0609
050603
050505
050502
080210
050406
050405
080302
050303
041005
090904
040810
090903
090809
30
091009
0501
0709
0307
0706
090401
080605
0710
070910
070909
070907
080304
080505
070903
090908
080901
070806
0601
070804
070802
080108
05
070709
0505
070605
070601
070508
070501
090708
090505
070210
070107
061005
0903
040708
0302
080802
060303
060208
090603
080507
050910
050908
090208
050907
050906
050802
080401
050509
090109
050110
080808
040803
30
091009
0501
090606
071007
0309
071005
0307
0210
0706
071002
0110
0710
070910
070907
070906
090202
090308
070810
070808
070806
070805
080108
070801
070710
081010
090901
070705
070704
070609
0806
070605
090801
080103
070407
080707
081002
090205
070309
070304
070301
070204
070102
090706
090701
061008
090704
061004
060910
060907
060810
060805
060710
090610
060706
091007
060510
060507
060506
060403
051009
090310
080209
050904
080809
050709
0608
050610
0301
050503
050404
050403
0401
0109
0207
050302
080703
041001
040910
040908
30
091009
0501
080702
090606
071005
0307
0210
0706
0710
070907
070906
090202
090308
070810
080108
0503
070707
070703
070602
060908
040706
080410
080309
060301
090204
060202
060102
080202
080902
051010
090309
080607
080704
050806
080807
080402
050603
050505
050406
050401
041005
040810
090903
090809
30
080109
0408
080301
090606
071007
0309
071006
0709
0706
0602
0607
0803
090409
070808
070807
080105
080610
05
070710
080409
090507
090708
040710
070103
060504
090607
040706
060403
080802
090403
091002
0308
060201
060101
090208
050906
050802
090501
090207
090407
050305
090404
040802
040302
30
0501
071005
090202
070805
070804
080105
070803
070802
0206
080610
070801
070709
081010
090406
070608
070508
070507
080101
070501
070405
070403
070401
070310
070308
090508
080804
070305
070205
070108
061009
090706
061003
061002
060906
060905
060903
060806
060801
060704
060702
060608
060607
060505
080802
090209
080801
080209
080903
090702
050608
050605
0301
050601
050508
0510
050409
090305
0109
0207
050308
080703
050109
041004
040908
080708
040808
040804
040802
30
091009
0210
0602
080605
0607
070909
070808
070805
070801
080403
090410
090804
081010
070706
081009
080204
080104
070701
070603
0606
070509
070506
070505
070504
070503
070502
080207
070307
070306
070303
070302
090907
070109
070103
080406
061010
090706
090106
060909
080710
060807
060804
060803
060709
060705
0302
080906
051002
080209
090805
090405
090201
050606
090910
0301
090703
0109
0207
080308
080703
080107
080508
040908
040904
040903
040901
040805
30
080109
0408
090606
071008
0403
0309
071006
0709
0307
071003
0706
071002
0110
071001
0607
070909
070907
070906
070901
070810
0803
070805
070803
070801
05
081010
080609
070607
0505
080506
090708
070210
070208
070207
040710
080102
070101
060902
060901
091005
0903
060605
060504
090607
060403
0610
091002
060205
060201
080208
080701
090208
080209
050907
050906
080903
050807
080501
050802
050708
050605
090407
0301
050509
090109
0109
0207
050307
050305
0306
080703
050110
040908
040906
080808
040807
30
0408
090606
0706
0110
090908
080901
070805
080108
070801
081010
070601
080405
070410
090708
090107
080907
070203
090408
040710
090810
080604
090706
061005
060904
090806
060809
080910
060703
060504
090607
060108
060107
0810
080209
050710
090705
090504
050604
0301
050410
0109
0207
080703
050201
041008
041006
080905
040909
040908
090206
30
071001
060310
060309
060306
060305
050706
0801
0609
0410
0305
0208
0102
080205
070407
060608
060308
060307
060209
060110
050905
050903
090904
050502
090301
080909
080407
080310
080210
070206
070110
060508
060401
060210
050703
050405
080106
051010
050506
0404
091005
090701
090306
081002
080702
070905
070902
070507
070408
070406
070304
070202
060909
060806
060708
060701
060202
060102
050801
050206
050806
050607
050401
040907
0602
090303
080806
080408
080402
080305
080110
080103
071003
070706
070509
070308
070303
070302
070301
070109
070107
070106
061007
061003
060905
060601
060505
050902
050102
040710
051006
050805
050702
050209
041010
090905
090901
090605
090510
081003
080705
080504
080207
080204
070708
070607
070503
070502
070309
070306
070209
070105
070104
061006
060906
060801
060709
060705
060504
060204
050704
050501
050204
050108
090105
080608
080303
060802
060203
050803
050402
050106
0708
0504
091009
091007
090505
090502
090406
090405
090107
081007
080609
080603
080506
080503
080410
080101
071004
070705
070603
070602
070504
070208
070201
070102
061009
061004
060908
060903
060810
060807
060804
060710
060707
060605
060501
060206
050809
050807
050510
050407
040306
30