0104
091009
080702
090606
0404
0410
071005
0210
0710
070907
070906
090202
0305
090308
070810
090306
0208
070602
070507
080407
070206
070202
070110
060909
060908
090301
040706
080410
060401
080205
060305
060210
060209
060202
060102
051010
050905
0102
050806
080909
050703
080402
050502
080210
050405
050401
090904
30
080702
0410
0305
0208
090402
080606
070402
080407
070206
090909
0705
090301
040708
060401
060310
060308
080205
060307
060306
060305
060209
060103
051007
050905
050903
050808
0102
050804
050705
050703
0609
050506
050502
080210
050405
080302
050303
090904
040208
30
080702
090606
071006
0410
071005
0210
0602
080605
071001
070908
090110
090308
070901
070810
0509
080403
090410
090804
070707
090406
080204
090108
070704
070701
070609
070608
0806
070607
0606
070509
090801
070506
080405
081003
070408
080207
070405
070403
080407
070401
070310
070309
090107
070305
080408
070203
070202
090408
080102
070109
090810
080604
090905
080406
070101
061010
090605
061008
061007
090106
061004
061002
060910
060909
060908
060904
080710
060902
060901
060810
060809
060805
060804
080910
060803
060710
060709
060707
060704
060703
0903
090303
060701
060609
091007
060601
090301
060510
060509
060508
060507
060506
060504
040705
060310
060309
060307
060302
060207
060106
051010
051008
051006
080110
050909
0708
0102
050708
050704
050701
080402
050607
080210
050501
090109
050407
050405
050310
050306
050301
050209
050204
050203
050108
080303
050105
080206
050103
050101
041003
040906
040807
040806
30
0504
071001
070905
090502
081006
090804
070708
070706
070705
080409
0208
070602
070510
090510
070509
070507
070502
070408
080207
080705
081007
070406
070307
080503
070306
080603
070304
070303
070301
080408
070204
070201
040710
070110
070109
070107
070105
080305
090905
070104
070102
061009
061007
061006
061003
060909
060905
060903
060806
060801
060705
090303
060701
080504
060509
060508
040703
060204
080110
050902
050805
080909
050801
080106
050702
0703
050607
050510
050507
050504
050502
050501
050407
050310
080608
050206
050204
080806
080303
050102
041010
041003
040809
080310
0702
30
091009
090210
0210
0602
01
080605
091006
0607
070909
070808
070805
070801
080403
090410
090804
081010
070706
081009
080204
080104
070701
070603
0606
070509
070506
070505
070504
070503
070502
080207
070307
070306
070303
070302
090907
070109
070103
080406
061010
090706
090106
060909
080710
060807
060804
060803
060709
060705
080509
090506
0603
0302
090807
0407
0805
0203
0909
0310
0904
0907
090609
090103
080601
080706
0405
051005
080906
051002
080209
0304
090805
090307
091004
090405
080510
090201
080805
050606
090910
0301
090703
0202
0109
0106
0207
080308
080703
080107
0204
080508
040908
040904
040903
040901
080404
040805
090203
0809
091010
090809
30
0408
080702
071006
0410
0210
0602
071001
070908
070906
090110
090308
070901
070810
080403
090410
090804
090406
080204
090108
070704
070609
070608
0806
0606
070510
070509
090801
070506
080405
081003
070505
070408
080207
080506
070405
080407
070401
070310
070309
090107
080804
080603
070305
090907
080408
070203
070202
090408
080102
070109
090810
080604
090905
080406
070101
090605
061008
061007
090106
061004
060910
060909
060904
080710
060902
060901
060810
060809
060807
060805
060804
080910
060802
060710
060709
060708
060707
060704
060703
0903
090303
060701
060609
060607
060605
060604
090301
060510
060508
060507
060506
060505
060504
090607
040705
060310
060309
060307
060207
060106
051010
051008
051006
080110
050909
0708
050810
0102
050708
050704
080402
050607
080210
050501
090109
050407
050405
050310
050309
0108
050306
050301
050210
050207
050204
050203
050108
080303
050105
080206
041009
041003
040906
040807
30
0408
0404
071003
070905
070901
0906
090901
070706
090306
080409
070602
070509
070507
070408
080207
070307
070304
070301
080408
070202
070110
070107
080305
070102
060909
060905
060903
060705
040706
060210
060204
060202
060102
051010
050806
050805
080909
050801
080106
080402
050607
050501
050405
050401
080302
080608
050303
090707
050207
050206
080806
050104
041010
041007
040603
040209
040208
040207
30
0410
0305
070707
080407
040703
090509
060310
060308
060307
060306
060305
050905
050903
0609
0707
080502
080302
050303
040907
30
080301
0504
071003
090401
070908
070906
090202
090308
0509
0601
080403
090410
090901
090306
070705
080204
080609
080104
080810
070603
090510
070506
070504
070503
070502
080103
080101
080506
070407
081007
080707
081002
070308
090508
080503
090107
080804
080603
070303
070302
070209
070208
070207
090907
070204
090408
070109
090810
080604
070106
070105
080406
081004
061009
090701
090704
061003
060907
060906
060904
090806
060807
060708
060707
090610
060706
060702
060608
060605
060604
060508
090607
060501
040704
040708
060206
060203
060106
051006
0708
050902
050810
050809
050807
050803
050704
0703
050602
050510
050509
050504
050407
050309
0201
0108
050210
050205
050106
050105
080206
040208
30
080109
0504
090606
071005
0710
070909
080304
070905
070904
090110
080505
070903
070902
090908
070807
0509
090108
070701
080810
070608
070607
0208
0505
081003
070501
080705
081007
070403
090205
070310
080603
070210
080907
070205
070203
080102
070105
061010
090605
061008
061002
060910
060901
091005
060805
060803
0903
090303
060701
091007
060509
060507
040703
080709
080205
060302
060208
051001
050902
050810
050809
050806
080909
050708
050706
080106
050702
0703
050701
050602
050502
090109
050310
050306
080608
050206
050103
050102
041003
040806
30
060102
050801
050206
050806
050607
050401
040907
0602
090303
080806
080408
080402
080305
080110
080103
071003
070706
070509
070308
070303
070302
070301
070109
070107
070106
061007
061003
060905
060601
060505
050902
050102
040710
051006
050805
050702
050209
081007
080609
080603
080506
080503
080410
080101
071004
070705
070603
070602
070504
070208
070201
070102
061009
061004
060908
060903
060810
050309
050301
041003
070101
051008
050109
0205
0108
090801
081006
070704
070510
070210
060902
060808
060704
060604
060510
060507
0608
0601
0503
0406
0302
090909
090705
090410
090407
090401
090102
081005
080908
080905
080808
080307
080208
040208
040207
30
071007
0403
0309
071003
070910
070905
070901
0803
0704
070806
090901
070706
090306
080409
070602
070509
070507
070408
080207
070307
070304
070301
080408
070202
070110
070107
080305
070102
060909
060905
060903
060705
040706
081001
060210
060204
060202
060102
051010
080607
050806
050805
080909
050801
080106
080402
050607
050501
050408
050405
050401
080608
050206
080806
041010
090903
040210
040206
30
091009
0501
0802
071010
0709
0307
0706
090401
080605
0710
070910
070909
070907
080304
080505
070903
0901
090908
080901
070806
0601
070804
070802
05
070709
0505
070605
070508
070501
090708
090505
070210
070107
061005
0903
060501
040708
0302
080802
060303
060208
090603
080507
050910
050908
050907
080401
050509
090109
050110
080808
040803
30
080301
0501
071005
0709
0307
0706
090401
080605
0710
070910
070909
070907
090202
080304
080505
070903
0305
081005
090908
080901
070807
0601
070804
070802
070709
090406
070701
070608
070607
0505
070508
070507
080101
070501
070405
070403
090205
090708
070401
090505
070310
070308
090508
080804
070305
070210
080907
070205
061009
061005
061003
061002
060906
060905
060903
060806
091005
060801
060704
060702
060608
060607
060606
060505
040705
080802
060305
060208
090603
080507
051001
050908
050907
050803
050703
080401
050401
050110
050103
041010
080808
040210
30
091009
080702
0410
0210
090401
080605
070806
0601
070804
070802
05
070709
080403
090410
040604
090804
080204
070605
0606
070509
070506
080207
090505
070202
070109
080406
090106
060610
060604
060503
040704
040705
060410
0302
080802
060303
060302
060210
060209
060208
060207
090603
080507
060206
080203
060204
060203
060202
050910
050908
050707
080401
050701
050504
080210
050407
050210
090102
080808
040806
040803
040208
30
080301
0504
071003
070908
090202
070905
090908
080901
070807
080403
090410
090804
070708
070705
080204
080409
070603
090510
070509
040604
070506
080405
070503
070502
080103
080101
070408
080207
070407
080705
081007
070406
080707
081002
070308
080503
090107
070306
070304
070303
070302
070209
070207
080408
080907
070204
070203
070201
090408
040710
070109
090810
080604
070106
070105
090905
070104
070102
081004
061009
090701
061007
061006
061005
061003
060907
060906
060905
060904
060903
090806
060809
060806
080910
060801
060707
090610
060706
060705
060703
060702
060608
080504
090301
060508
060501
040707
090709
060310
060307
060204
060203
060106
060102
051010
051008
051006
080110
050903
050902
0102
050803
050801
050704
050702
0703
050607
050602
050510
050507
050504
050501
050407
0201
040702
050205
050204
080303
050106
050105
080206
050102
040210
30
091009
0404
0602
070909
070706
090108
080104
070701
070604
070603
070602
090510
070505
070504
070503
070502
090505
070307
070306
070303
070302
090907
070206
070201
070106
061010
061006
060807
060803
060802
060708
060705
060609
060603
060602
040707
0605
060401
060308
060109
060105
050805
050801
050507
050304
050301
050208
050108
050103
041009
040905
30
080702
070509
070308
070303
070302
070301
070109
060905
050805
080207
080204
070502
070209
060705
090505
070504
070208
050407
050705
050701
050609
050606
050208
050202
050103
040909
040805
0707
090804
070709
060304
080605
080403
0608
070909
070703
090902
070605
050605
0810
0803
0403
0309
0306
090602
090404
080704
30
0408
090606
0706
090908
080901
080409
080405
070408
090708
090107
080907
070203
090408
040710
090810
080604
061007
061005
060904
090806
090604
060809
080910
060707
060703
090301
060508
060504
090607
040704
040707
060408
060310
060108
060107
0810
080307
051004
051003
050609
050604
050410
050201
041008
041002
080905
040909
090206
040208
30
080109
0408
090606
071006
0709
0307
071003
0706
071001
070909
070908
070907
070906
070901
070810
05
080609
070610
070607
080409
0505
080506
070406
090708
070210
070209
070208
070207
040710
040706
040704
080102
070110
070107
070104
070101
060902
060901
091005
0903
060605
060504
090607
060501
040703
040707
060407
080908
060304
050907
050807
050708
0609
050509
090109
050202
050110
080806
050106
040906
080808
040807
30
070503
070502
070309
070306
070209
070105
070104
061006
060906
060801
060709
060705
060504
060204
050704
050501
050204
050108
090105
080608
080303
060802
060203
050803
050402
050106
0708
0504
091009
091007
090505
090502
090406
090405
090107
081007
080609
080603
080506
080503
080410
080101
071004
070705
070603
070602
070504
070208
070201
070102
061009
061004
060908
060903
060810
060807
060804
060710
060707
060605
060501
060206
050809
050807
050510
050407
050210
050205
080507
080206
050602
050203
050101
041008
0703
051002
051001
050906
050403
050310
080801
070405
060103
050808
050503
050409
050404
050104
05
0906
0903
0901
0501
090805
080302
071005
070808
080905
080808
080307
080208
070909
070703
070601
050201
041001
040903
040803
0206
090207
080902
060201
041004
090808
040908
0510
0502
0110
091004
090104
080703
080701
080601
080501
070803
060402
051005
0301
0109
08
30
080109
0408
080301
090606
071006
0709
0706
0602
070809
070807
05
070610
080409
070604
070409
070404
090708
040710
090604
060610
060606
060602
060504
060503
090607
040706
060406
080802
060304
080203
080307
051004
051003
050707
050609
050304
050208
050202
090102
041002
040905
040210
040208
30
090606
071006
071005
0210
0105
0602
080605
071001
070908
090110
090308
070901
070810
090908
080901
070808
0509
080108
080403
090410
090804
081010
090406
080204
090108
070704
070701
070609
070608
0806
070607
070601
0606
070509
090801
070506
080405
081003
070410
070408
080207
070405
070403
070401
070310
070309
090107
070305
080408
080907
070203
090408
080102
070109
090810
080604
090905
080406
070101
061010
090605
090706
061008
061007
090106
061004
061002
060910
060909
060904
080710
060902
060901
060810
060809
060805
060804
080910
060803
060710
060709
060707
060704
060703
0903
090303
060701
060609
091007
060510
060509
060508
060507
060506
060504
040705
0302
090807
060404
060403
060302
060207
0808
080601
060106
051008
051006
080110
051005
051001
050910
050909
050908
0708
050708
050704
050701
050607
0301
050501
090109
050407
0202
050310
050306
050301
050204
050108
080303
050105
080206
050103
0204
041003
040906
040807
040806
30
080301
0504
071003
070908
090202
070905
090908
080901
090409
070807
080108
080403
090410
040604
090804
070708
070705
080204
080409
070603
070601
090510
070509
070506
080405
070503
070502
080103
080101
070410
070408
080207
070407
080705
081007
070406
080707
081002
070308
080503
090107
070306
070304
070303
070302
070209
070207
080408
080907
070204
070203
070201
090408
040710
070109
090810
080604
070106
070105
090905
070104
070102
081004
061009
090706
090701
061007
061006
061005
061003
060907
060906
060905
060904
060903
090806
060809
060806
080910
060801
060707
090610
060706
060705
060703
060702
060608
080504
060508
040707
090403
060204
060203
060106
0405
080701
051008
051006
080110
050902
050803
050801
050704
050702
0703
050607
050602
050510
050507
050504
050501
050407
0201
050205
050204
080303
050106
050105
080206
050102
30
091009
071007
0403
0309
0602
0607
070909
0803
090409
070808
080105
0206
080610
080108
070801
070710
070706
081009
090108
080104
070701
070606
090507
070603
070602
070601
090510
070505
070504
070503
070502
070410
090505
070307
070306
070303
070302
090907
070201
070108
070106
070103
061010
061006
060807
060803
060802
060708
060705
060609
040707
0603
060403
0502
090403
091002
0308
0808
060101
090208
050906
050805
050802
050801
090501
090207
090407
050507
0306
050301
050108
050103
041009
040902
090404
040802
080306
040210
30
080301
0504
071008
071004
071003
090401
070908
070906
090202
090308
070805
0509
0601
080403
090410
090901
070705
080204
080609
080104
080810
070603
090510
070506
070504
070503
070502
080103
080101
080506
070407
081007
080707
081002
070308
090508
080503
090107
080804
080603
070303
070302
070209
070208
070207
090907
070204
090408
070109
090810
080604
070106
070105
080406
081004
061009
090701
090704
061003
060907
060906
060904
090806
060807
060708
060707
090610
060706
060702
060608
060605
060604
060508
090607
040704
040708
060405
090602
060206
060203
060106
051006
0708
050902
050810
050809
050807
050803
050704
0703
050602
050510
050509
050504
050407
050309
0201
0108
050210
050205
050106
050105
080206
30
080109
0408
080301
0501
071006
071005
0709
071003
071002
0602
071001
0607
070909
070906
090202
090308
070901
070810
070807
070804
080105
070803
070802
0206
080610
070801
05
070709
090410
090901
090406
070706
081009
080204
080609
080104
070701
080810
070609
070608
070603
070510
070508
090801
070506
080405
081003
070505
070504
070503
070502
080101
070501
080506
070405
070403
070401
070310
070309
070308
070307
090508
090107
080804
070306
080603
070305
070303
070302
070208
070207
090907
070205
090408
070108
090810
080604
070103
080406
081004
061010
061009
090701
090704
090106
061004
061003
061002
060907
060906
060905
060904
080710
060903
090806
060810
060807
060806
060804
060803
060802
060801
060708
090610
060705
060704
060703
060702
060609
060608
060607
060605
060604
060505
060504
090607
040704
060402
080802
0907
090609
060206
060106
051008
050909
0708
090307
080903
050810
050809
050807
050805
050803
091004
050704
050605
050602
050509
090902
050309
0201
0108
050210
050205
050105
041010
041009
040802
090503
30
0504
071001
070905
02
0507
090502
081006
090804
070708
070706
070705
040604
080409
070602
070510
090510
070509
070502
070408
080207
080705
081007
070406
070307
080503
070306
080603
070304
070303
070301
080408
070204
070201
040710
070110
070109
070107
070105
080305
090905
070104
070102
061009
061007
061006
061003
061001
060909
060905
060903
060806
060801
060705
090303
060701
0801
080504
060509
060508
040703
0406
060204
080110
050902
050805
050801
080106
050702
0703
050607
050510
050507
050504
050501
050407
050310
080608
050206
050204
080703
080806
080303
050102
041010
041003
090404
30
080109
0504
090606
071010
071005
0710
070909
080304
070905
090110
080505
070903
090908
090608
070807
0509
090108
070701
080810
070608
070607
0505
081003
070501
080705
081007
070403
090205
070310
080603
070210
080907
070205
070203
080102
070105
061010
090605
061008
061002
060910
060901
091005
060805
060803
0903
090303
060701
091007
060509
060507
040703
080709
060302
060208
051001
050902
050810
050809
050708
080106
050702
0703
050701
050602
090109
050402
050310
050306
080608
050206
080703
050103
050102
041003
090404
040806
04
090302
30
0408
0802
090606
0706
0110
070908
0901
0503
070610
080409
0505
090708
070210
040710
0903
060506
060504
090607
040708
080908
0502
090204
090209
0808
090309
051001
050910
050909
050908
0708
090208
080209
050907
0304
050906
050802
050509
090109
080803
050403
0109
050305
090707
050202
050107
050106
050101
0204
080808
090903
040306
30
09
090606
0706
090802
0110
0704
0601
0503
070610
0505
090708
070210
070107
0508
090607
060501
040508
040502
040708
080509
0407
0502
0310
090603
090209
0808
080706
090309
051001
050910
050908
0708
090208
080209
050907
0304
050906
050802
080805
090703
090109
080803
050403
0109
050305
090707
050202
0204
080808
0303
090803
0807
090903
091010
040210
30
091009
0501
090606
071007
0309
071005
0307
0210
0706
071002
01
091006
0110
0710
070910
070907
070906
090202
090308
070810
070808
070806
070805
080108
070801
070710
081010
090901
070705
070704
070609
0806
070605
090801
080103
070407
080707
081002
090205
070309
070304
070301
070204
070102
090706
090701
061008
090704
061004
060910
060907
060810
060805
060710
090610
060706
091007
060510
060507
060506
060502
060403
0907
090609
090103
080601
080706
051009
090310
051005
080209
0304
090307
050904
080809
050709
091004
0608
050610
0301
050503
050404
050403
0202
0401
0109
0207
050302
080703
0204
041001
040910
040908
080404
091001
080602
040801
040210
30
091009
0501
080702
090606
071005
0307
0210
0706
01
090802
091006
0110
0710
070907
070906
090202
090308
070810
070808
080108
0503
070703
070602
060908
040706
060409
080410
080309
060301
090204
060202
060102
080202
080902
090309
080607
080704
050806
080807
080510
080402
050603
050505
050408
050406
050401
041005
040810
090203
090903
091010
090809
30
080109
0408
080301
090606
071007
0309
071006
0709
0706
040604
071002
0602
0110
0607
0803
090409
070808
070807
080105
070803
080610
070801
05
090104
070710
080409
090507
090708
040710
070103
060504
090607
040706
071009
0402
060403
080802
090403
091002
0308
060205
060201
080208
060101
090208
050906
050802
090501
090207
090407
0109
050305
0306
090404
040802
040210
040205
30
09
0501
071005
091006
090202
070805
070804
080105
070803
070802
0206
080610
070801
070709
081010
090406
070608
070508
070507
080101
070501
070405
070403
070401
070310
070308
090508
080804
070305
070205
070108
061009
090706
061003
061002
060906
060905
060903
060808
060806
060801
060704
060702
060608
060607
060505
0407
080802
0905
0907
090609
090103
090209
080601
080801
051005
080209
0304
090307
080903
090702
091004
050608
050605
0301
050601
050508
0510
050409
090305
0202
0109
0207
050308
080703
050109
0204
041004
040908
080708
040808
040804
040802
040210
040205
30
09
0501
090210
071005
01
090802
091006
090202
070805
070804
080105
070803
070802
0206
080610
05
070709
080403
090406
070608
070508
070507
080101
070501
070405
070403
070401
070310
070308
090508
080804
070305
070205
070108
03
0910
091003
061009
090706
061003
061002
060906
060905
060903
060806
060801
060704
060702
060608
060607
060505
090506
090601
0407
0402
080802
0905
0907
0604
090609
090103
060108
051001
0304
090307
080903
090702
091004
050606
050605
050604
050602
050507
090109
050409
090305
0202
0109
0207
0103
050306
080703
080303
0204
041004
040908
090404
040807
040805
040802
040701
090203
0807
091010
040208
040205
30
080210
0209
080404
0908
0506
060906
090304
090610
080508
070310
081008
080801
050503
050103
090101
050307
0907
090203
090506
090504
0809
09
091010
0402
0905
080201
090808
050605
080905
040904
050502
060310
080708
090807
040801
0702
30
040708
040707
040706
040705
040704
040703
040702
040701
040610
0107
070403
090509
060503
060409
060108
050910
050505
050406
040905
0701
070702
0608
0601
0503
0406
0302
090909
090705
090410
090407
090401
090102
081005
080908
070605
070410
070108
060205
050802
041006
0610
090503
090309
090209
080704
080607
080404
080202
050603
041005
040908
06
091001
0908
0702
050710
0510
080703
060104
060402
051005
090710
040709
080904
0301
0804
0202
0304
0902
0204
0303
09
08
0604
0507
091008
07
0409
0402
091010
30
071001
060310
060309
060306
060305
050706
0801
0609
0410
0305
0208
0102
080205
070407
060608
060308
060307
060209
060110
050905
050903
090904
050502
090301
080909
080407
080310
080210
070206
070110
060508
060401
060210
050703
050405
080106
051010
050506
0404
091005
090701
090306
081002
080702
070905
070902
070507
070408
070406
070304
070202
060909
060806
060708
060701
060202
060102
050801
050206
050806
050607
050401
040907
0602
090303
080806
080408
080402
080305
080110
080103
071003
070706
070509
070308
070303
070302
070301
070109
070107
070106
061007
061003
060905
060601
060505
050902
050102
040710
051006
050805
050702
050209
041010
090905
090901
090605
090510
081003
080705
080504
080207
080204
070708
070607
070503
070502
070309
070306
070209
070105
070104
061006
060906
060801
060709
060705
060504
060204
050704
050501
050204
050108
090105
080608
080303
060802
060203
050803
050402
050106
0708
0504
091009
091007
090505
090502
090406
090405
090107
081007
080609
080603
080506
080503
080410
080101
071004
070705
070603
070602
070504
070208
070201
070102
061009
061004
060908
060903
060810
060807
060804
060710
060707
060605
060501
060206
050809
050807
050510
050407
30