09
0804
0110
0710
0404
0803
0803
0803
0803
0803
0803
0803
0710
0803
0803
0508
0508
0508
0508
0508
0508
0508
0508
0508
0908
0508
0610
08
0508
0508
0508
0508
0508
0508
0508
0508
0508
0508
0508
0508
0508
0508
0508
0508
0508
0508
0508
30
0306
0306
0306
0306
0908
0908
0908
0306
0306
0908
0908
0306
0708
0306
0306
0306
0306
0306
0306
0306
0306
0908
0908
0306
0306
0908
0306
09
0908
0306
0306
09
0306
090804
0302
0808
0606
0306
02
30
0905
0810
0905
0905
0905
0710
0905
0905
0905
0905
0905
0905
0905
0905
0905
0905
0905
0905
0910
0905
0905
0905
0905
0905
0905
0905
0905
0905
0710
0905
0905
0905
0710
0905
0905
0905
0905
0905
0905
0905
0905
0905
0905
0905
0905
0710
0905
0905
0905
0905
0905
0905
0905
0905
0905
0905
0905
0905
0905
0905
0905
0905
0905
0905
0910
0905
0905
0905
0905
0905
0905
0905
0710
0710
0905
0905
0710
0905
0905
0905
0905
0905
0905
0905
0905
09
0905
0905
0905
0905
0905
0905
0905
0806
0906
0910
0905
0905
0905
0905
0905
0905
0905
0905
0905
0905
0910
0905
0905
0905
0910
0905
0905
0905
0905
0905
0905
0906
0906
01
0910
0907
0910
0906
0906
0906
0906
0906
0908
0906
0906
0906
0810
30
0607
0806
0810
090904
0606
0810
0606
0810
0810
0810
0810
0810
0810
0810
0810
0810
0810
0810
0810
0606
0606
0810
0810
0606
0810
0810
0810
0810
0810
0810
0810
0810
0810
0810
0810
0809
0809
0702
0809
0809
0809
0809
0809
0809
0809
0809
0809
0809
0809
0809
0809
0809
0809
0809
0809
0809
0706
0809
0809
0809
0809
0809
0809
0809
0809
0606
0809
0809
0809
0809
0809
0809
0809
0809
0606
0606
0809
0809
0809
0809
0809
0808
0909
04
09
30
0804
09
0809
0808
06
0808
0802
0808
0808
0808
0806
0806
0808
0808
0808
0610
0808
0808
0808
0808
0808
0808
0808
0808
0808
0808
0808
0808
0808
0808
0810
0810
0810
0810
0810
0810
0810
0810
0810
0607
0808
0808
0808
0808
0808
0808
0808
0808
09
09
0808
0808
06
06
06
06
06
06
06
0810
0810
0810
0602
06
06
0604
0602
0602
0804
0810
0806
0810
0810
0604
06
0908
0804
0908
0908
0604
0806
0602
0804
09
0805
0908
0804
0604
0810
0806
0804
0806
0908
0806
06
0608
06
09
06
06
30
0906
0905
0901
0906
0802
0906
0906
0906
0906
0906
0906
0906
0906
0906
0906
0906
0906
0906
0906
0906
0906
0906
0906
0802
0906
0906
0906
0906
0804
0906
0906
0906
0906
0906
0906
0906
0906
0906
0907
0802
0907
0907
0907
0907
0907
0802
0907
0907
0907
0907
0907
0907
0907
0802
0907
0907
0907
0907
0802
0907
0907
0907
0907
0802
0907
0907
0907
0907
0907
0907
0802
0802
0907
0907
0802
0907
0907
0907
0802
0907
0907
0907
0907
0907
0907
0907
0907
0907
0907
0907
0907
0907
0907
0907
0704
0907
0908
0907
0907
0802
0907
0802
0907
0907
0804
0907
0907
0907
0907
0907
0907
0907
0907
0907
0907
0907
0907
0906
0907
0907
0906
0906
0907
0908
0907
0908
0907
0907
0907
0808
0906
0904
0810
0906
30
0610
0406
0810
0606
05
09
0810
0606
0606
0606
0606
0606
0606
0606
0606
0606
0606
0606
0606
0606
0606
0606
0606
0606
0606
0606
0606
0606
0805
0606
0606
0606
0606
0606
0606
0606
0606
0606
0606
0606
0606
0606
0606
0606
04
0606
04
08
08
0609
0508
07
0704
0910
0807
05
05
0910
30
090210
090206
0908
090210
0710
09
090304
090304
090304
090304
090304
090304
090304
090304
0810
0907
02
0909
09
30
0902
0902
0806
0310
0902
0902
0902
0704
0308
0308
0904
0904
0903
0704
0904
0904
0903
0903
0903
0903
0903
0903
0903
0903
0903
0903
0903
0903
0903
0903
0903
0903
0903
0903
0903
0903
0903
0903
0903
0903
0903
0903
0903
0903
0903
0903
0903
0903
0903
0903
0903
0903
0508
0903
0903
0903
0903
0903
0903
0903
0903
0903
0903
0903
0903
0903
0903
0903
0903
0903
0903
0903
0903
0706
0706
0903
0903
0903
0903
0903
0903
0903
0903
0903
0903
0903
0903
0903
0903
0903
0903
0903
0705
0903
0508
0805
0904
01
0907
0807
0904
30
0902
0809
0810
0810
0804
0804
0308
0402
09
091010
0102
0308
09
0804
0808
0808
0808
0808
0809
0808
0808
0808
0804
0810
0804
0810
0810
0808
0808
0808
0810
0808
0808
0808
0808
0808
0810
0808
0808
0808
0808
0808
0808
0808
0808
0808
0808
0808
0808
0808
0808
0808
0806
05
0810
0808
0806
0808
0810
0810
0810
0810
0810
0808
09
0810
0810
0810
0808
0810
0810
0808
0808
0808
0810
0504
0805
0802
0403
0808
30
0808
0808
0808
0808
0808
0808
0808
0808
0808
0808
0808
0808
0808
0808
0808
0808
0808
0808
0808
0808
0808
0808
0808
0808
0808
0808
0808
0808
0808
0808
0808
0808
0808
0808
0808
0808
0808
0808
0808
0808
0808
0808
0808
0808
0808
0808
0808
0808
0808
0808
0808
0808
0808
0808
0808
0808
0808
0808
0808
0808
0808
0808
0808
0808
0808
0808
0808
0808
0808
0808
0808
0808
0808
0808
0808
0808
0808
0808
0808
0808
0808
0808
0808
0808
0808
0808
0808
0808
0808
0808
0808
0906
0906
02
0910
30
0807
0806
0806
0808
0808
0606
0808
0806
09
0808
0808
0606
0606
0606
0606
0606
0606
0606
0606
0606
0606
0606
0606
0606
0606
0606
0606
0606
0606
0608
0608
0608
0904
06
0608
0608
0608
0608
0608
0905
0608
0608
0608
0608
0608
0608
0608
0608
09
0608
0608
0506
0607
0605
0504
0908
07
09
30
0708
0708
09
0106
0703
0708
0708
0708
0708
0708
0708
0708
0708
0708
0708
0708
09
0708
0708
0708
0710
0710
0710
0710
0710
0106
0710
0710
0710
0710
0710
0408
0408
0710
0408
0407
0610
0710
0710
0710
0710
0710
0710
0710
0710
0106
0710
090704
0403
0604
0603
0710
30
0810
0605
0810
0803
0808
0808
0806
0808
0808
0808
0808
0808
0810
0808
0808
0808
0810
09
0808
0808
0808
0806
0308
0308
0605
0810
0810
0810
0810
0808
0606
0810
0810
0606
0808
0808
0808
0808
0808
0806
0808
0808
0808
0808
0808
0808
0808
0606
0808
0808
0808
0606
0808
0808
0808
0808
0808
0808
0808
0808
0808
0808
04
0808
0710
0606
0808
0808
0808
0808
0808
0806
0808
0808
0808
0808
0606
0806
0804
0701
0810
07
30
0710
0802
0705
0802
0710
0108
0710
0710
0710
0710
0710
0506
0108
0108
06
0108
0806
0710
0802
0802
0802
0802
0710
0802
0802
0802
0802
02
0802
02
0602
0602
09
0506
0710
0506
0802
0802
0802
0802
0802
0802
0802
0802
02
0802
0802
0802
0710
0710
02
0710
0710
0710
0710
0710
0505
0910
0705
0604
0608
0908
30
01
0907
0903
0910
0910
0910
0506
0506
0806
0910
0910
0910
0910
0908
0908
0908
0908
0908
0908
06
0908
0802
0908
0908
0908
0908
0608
0908
0908
0908
0908
0908
0908
0908
0908
0908
0806
0908
0908
0908
0908
0908
0908
0908
0806
0908
0806
0908
0810
0908
0908
0810
0708
0908
0908
0908
0908
0908
0908
0908
0908
0708
0908
0806
0908
0908
0908
0908
0708
0908
0810
0806
0908
0806
0908
0708
0908
0908
0908
0810
0908
0908
0708
0810
0708
0908
0802
09
0810
0810
0908
0908
0810
0810
0810
0810
0708
0708
0810
0908
0810
0908
0908
0708
0908
0908
0810
0908
0804
0908
0908
0708
0908
0810
04
0810
0908
0708
0908
0906
0708
0905
07
30
0510
0604
0602
0510
0604
0602
0604
0604
0910
0604
0604
0604
0604
0604
0604
0604
0510
0604
0604
0604
0604
0604
0604
0604
0604
0502
0604
0604
0604
0604
0604
0604
0604
09
0910
0502
09
0604
0604
09
0903
0604
0604
0604
0910
0602
0910
0602
0602
0604
0910
30
0606
0606
0606
0606
0606
0606
0606
0606
0606
0606
0606
0606
0606
0606
0606
0606
0606
0606
0606
0606
0606
0606
0606
0606
0606
0606
0606
0606
0606
0606
0606
0606
0606
0606
0606
0606
0606
0606
0606
0606
0606
0606
0606
0606
0606
0606
0806
30
0606
0606
0501
0510
0510
0606
0606
0606
0510
0606
0606
0606
0606
0606
0510
0510
0510
0510
0510
0510
0910
0510
0510
0510
0510
0510
0510
0510
0510
0710
0710
09
0510
0308
0308
0510
0910
0910
0910
0910
0606
0604
0510
0604
0910
0510
0510
0710
0902
30
0706
0707
0604
0609
0706
0706
0706
0706
0404
0806
0704
0704
0704
0704
0704
0704
0704
02
0704
0806
0704
0704
0606
0704
0704
0704
0704
0704
0704
0902
0902
0704
0704
0704
0704
0704
0704
0704
0704
0704
0704
0704
0704
0704
0710
0710
09
09
02
0704
0704
0704
0704
0704
0704
02
0704
0704
0704
0704
0704
0702
30
0904
0904
0904
0904
0904
0904
0904
0904
0904
0904
0904
0904
0904
0904
0904
0904
0904
0904
0904
0904
0904
0904
0904
0904
0904
0904
0904
0904
0904
0904
0904
0904
0904
0904
0904
0904
0904
0904
0904
0904
0904
0904
0904
0904
0904
0904
0904
0904
0904
0904
0904
0904
0904
0904
0904
0904
0904
0904
0904
0904
0904
0904
0904
0904
0904
0904
0904
0904
0904
0904
0904
0904
0904
0904
0904
0904
0904
0904
0904
0904
0904
0904
0904
0904
0904
0904
0904
0904
0904
0904
0904
0904
0904
0904
0904
0904
0904
0904
0904
0904
0904
0904
0904
0904
0904
0904
0904
0904
0904
0904
0904
0904
0904
06
0904
0904
0904
0904
0904
0904
0904
0904
0904
0904
0904
0904
0904
0904
0910
08
30
090610
0310
090610
0310
090509
090508
0210
090608
0908
090710
090602
0908
0406
0908
0908
0908
0210
0406
0806
0908
0908
0908
0406
0908
0406
0410
09
0104
0908
0908
0908
0908
0908
0908
0908
0908
0908
0908
0908
0908
0802
02
0810
30
0905
0810
0905
0801
09
0905
0905
0905
0906
0905
0905
0905
0905
0905
0905
0904
0906
0904
0906
0906
0906
0902
0905
0905
0905
0905
0905
0905
0905
0905
0905
0904
0710
0906
0905
0905
0710
0906
0906
0906
0906
0906
0906
0906
0906
0906
0906
0906
0906
0906
0802
0906
0906
0906
0906
0906
0906
0906
0906
0906
0906
0904
0906
0907
0907
0906
0906
0906
0906
0906
0906
0906
0906
0906
0906
0906
0802
0802
0906
0906
0802
0906
0906
0907
0907
0907
0907
0907
0907
0907
0907
0907
0907
0907
0907
0710
0802
09
09
0906
0907
0907
0906
0904
0907
0907
0907
0907
0904
0907
0907
0907
0907
0907
0907
0907
0907
0907
0904
0907
0907
0907
0904
0907
0907
0907
0907
0907
0907
0907
0907
0907
0709
0906
0904
0806
0906
30
0908
0908
0902
0908
0908
0908
0508
0508
0508
0806
0806
0908
0908
06
0908
0908
02
0908
0908
0908
0804
0908
0908
0908
0806
0908
0908
0908
0908
0804
0706
0908
0908
0908
0908
0908
0908
0908
0908
0908
0806
0908
0908
0908
0908
0910
0910
0910
0808
0910
0808
0910
0808
0910
0910
0808
0706
0910
0910
0910
0910
0910
0910
0910
0806
0910
0706
0910
0808
0910
0910
0910
0910
0706
0910
0808
0808
0910
0808
0910
0706
0910
0910
0910
0808
0910
0910
0706
0706
0710
0806
0910
0910
0808
08
0806
0808
0706
0706
0910
0910
0910
0706
0910
0910
0808
0910
0706
0910
0910
0706
0910
0808
0808
0910
0706
0910
0808
0706
0910
30
0805
0806
0805
0805
0709
0508
0805
0805
0805
0805
0805
0805
0805
0805
0805
0805
0805
0508
0805
0805
0805
0805
0508
0805
0805
0805
0805
0805
0805
0805
0805
0805
0805
0805
0805
0805
0805
0805
0805
0805
0805
0508
0805
0805
0805
0805
0805
0805
0805
0805
0710
0805
0805
08
0805
0805
0805
0805
0805
0805
0805
0805
0805
0805
0805
0805
0805
0805
0805
0805
0805
0805
0510
0508
0805
0903
09
02
30
0902
0902
0210
09
0808
0404
0902
0902
0902
0706
0210
0406
0406
0904
0904
0904
0904
0904
0904
0904
0904
0904
0904
0904
0904
0904
0904
0904
0904
0904
0904
0904
0904
0904
0904
0904
0904
0904
0904
0904
0904
0904
0904
0904
0904
0904
0904
0904
0904
0904
0904
0904
0904
0904
0508
0904
0904
0904
0904
0904
0904
0904
0904
0904
0904
0904
0904
0904
0904
0904
0904
0904
0904
0904
0708
0708
09
08
0904
0904
0904
0904
0904
0904
0904
0904
0904
0904
0904
0904
0904
0904
0904
0904
0904
0708
0904
0508
0806
0903
0902
0809
0904
30
0909
0908
0804
0909
0903
0908
0908
0908
0908
0805
0908
0908
0908
0908
0805
0908
0908
0908
0908
0908
0908
0908
0908
0908
0908
0908
0908
0908
0908
0908
0908
0908
0908
0908
0908
0805
0908
0908
0908
0908
0908
0908
0908
0908
0908
0908
0908
0805
0805
0805
0908
0908
0908
0908
0908
0908
0805
0908
0908
0805
0908
0805
0908
0805
0908
0908
0805
0908
0908
0908
0908
0805
0908
0908
0908
0908
0908
0908
0908
0908
0908
0908
0908
0908
0908
0908
0908
0908
0908
0908
0908
0908
0908
0908
0908
0908
0806
0908
0908
0908
0908
0908
0908
0908
0908
0806
0908
0908
0908
0806
0806
0908
0908
0806
0908
0908
0710
04
0806
0908
0908
0908
0908
0908
0908
0908
0908
0908
0908
0908
0908
0908
0908
0908
0908
0908
0908
0908
09
0908
0908
0908
0908
0908
0810
0908
0805
0904
09
30
0604
0803
0806
0905
06
091008
0604
0806
0604
0806
0806
06
0810
0806
0806
0806
0806
0806
0806
0806
0606
0606
0810
0810
0606
0810
0810
0810
0810
0810
0810
0810
0810
0810
0810
0810
0810
0810
0606
0810
0810
0810
0810
0810
0810
0810
09
0810
0810
0810
0810
0810
0810
0810
0810
09
0810
0810
0810
0710
08
0810
0810
0810
0810
0810
0810
0810
0602
0810
0810
0810
0810
0810
0810
0810
0606
0606
0810
0806
0810
0710
0809
0808
0803
0806
30
0809
0806
0806
0806
0801
0806
0806
0308
0308
091008
091008
0308
0806
09
0806
0806
0806
0806
0806
0806
0806
0808
0808
0808
0808
0808
0808
0808
0808
0808
0808
0808
0808
0808
0808
0808
0808
0808
0808
0808
0808
0808
0808
0808
0808
0808
0808
0808
0808
0808
0808
0710
08
0808
0808
0808
0808
0808
0808
0808
0808
0808
0808
0808
0808
0808
09
0808
0808
0808
0808
0808
0808
0808
0304
0805
0801
09
09
30
0501
05
0501
0410
0908
0410
05
0506
0410
0410
0501
0501
0501
0501
0501
0501
0501
0501
0506
05
05
0506
05
0506
0810
0501
0501
0501
0501
0501
0507
0910
0501
0810
05
05
0501
0501
05
0501
02
05
05
0501
05
090906
01
0903
0207
05
04
30
05
0410
0410
02
0502
0910
0502
0502
0502
0502
0502
0502
0502
04
0502
0502
0910
0910
0507
04
0910
0910
0910
0502
05
0502
0810
0810
0502
0502
0502
0502
0502
0810
0502
0810
0502
0502
0810
0810
0502
05
0502
0810
0502
0404
0502
0902
0502
05
0909
0806
0505
07
02
30
0802
0708
0708
0904
0904
0610
0708
0708
0708
0904
0602
0410
0708
0510
0904
0708
0708
0708
0708
0708
0708
0904
0904
0708
0904
0904
0904
0904
0904
0904
0904
0904
0904
0904
0904
0904
0904
0904
0904
0904
0904
0904
0904
0904
0904
0904
0904
0904
0904
0904
0904
0904
0904
0904
0904
0904
0904
0904
0904
0904
09
0904
0902
0902
0902
0902
08
0606
0804
0902
0904
0902
0902
0606
0804
0908
0902
0804
0804
0904
0606
0606
0606
0902
0908
0904
0708
0804
0904
0906
0904
0908
0904
0907
07
04
09
08
30
0604
0606
090510
0606
0606
0606
0601
0604
0604
09
0604
0604
0604
0604
0604
0604
0604
0604
0604
0604
0810
0810
0110
0810
0410
09
08
0810
0810
0810
0202
0202
0810
0810
0810
0810
0810
091004
0810
0810
0202
0810
0810
09
0810
0202
0810
0608
0810
0810
0810
0810
30
0410
0710
0410
0710
0704
0704
0406
0406
0802
06
0308
0406
0308
0704
0704
0708
0708
0407
0708
0610
0708
0308
0410
09
0708
0710
0708
0710
0710
0708
0710
0710
0710
09
09
0708
0408
0708
0708
0708
0704
0708
0704
0708
0708
0708
0708
0708
0708
0708
0810
0707
0704
0607
0602
02
02
30
0804
0808
0710
0804
0808
0806
0808
0808
0808
0808
0808
0808
0806
0808
0806
0808
0808
0808
0808
0808
0808
0808
0808
0808
0808
0808
0808
0808
0808
0808
0808
0808
0806
0808
0808
0808
0808
0808
09
0808
0808
0808
0808
0808
0808
0808
08
0808
09
0602
0602
0804
0904
0804
0910
0804
0806
0804
0602
0806
0804
0602
0804
0806
0806
0804
0606
0804
0606
0606
0804
0806
0806
0606
0806
0606
0804
0904
0903
0905
0903
0706
0707
06
04
30
01
0610
0903
0805
0903
0903
0810
0805
0810
09
0805
0810
0805
0805
0805
0805
0805
0805
0805
0805
0805
0805
0805
0805
0805
0804
0804
0804
0804
0804
0804
0804
0804
0810
09
09
09
0804
0810
0804
0804
0804
0807
0804
0804
0710
0704
0704
0704
0704
0804
0906
01
0903
04
0810
05
0903
01
0810
0810
0804
0804
0810
0810
0810
0804
0810
0804
0810
0804
0804
0804
0804
0804
0804
0810
0810
0901
09
0804
0810
0804
0906
0804
0810
0810
0804
0804
0610
0908
0910
0910
04
0904
08
30
0808
090808
0402
0706
0604
0710
02
090310
091010
0102
0808
0603
090206
0105
0105
0905
0607
0909
0902
0710
0704
0910
0810
0903
04
0210
0402
090710
0103
090710
090504
0610
30
0908
0908
0908
0908
0908
0908
04
01
0905
07
0606
0606
0606
0606
0606
0606
0606
0606
0606
07
0606
0606
0606
0606
0606
0606
0606
0606
0606
0606
0606
0606
0606
0606
0606
0606
0606
0606
0606
0606
0606
0606
0606
0606
0810
0904
0904
0710
0906
0808
0808
0810
0904
0904
0808
0906
0808
0903
0906
0908
0904
0910
08
05
0808
06
0808
0808
0808
0808
02
02
02
02
06
04
09
09
08
08
30
0908
0908
0908
0908
0908
0908
0908
0908
0908
0908
0908
0908
0908
0908
0908
0908
0908
0908
0908
0908
0908
0908
0908
0908
0908
0908
0908
0908
0908
0908
0908
0908
0908
0908
0908
0908
0908
0908
0908
0908
0908
0908
0908
0908
0908
0908
0908
0908
0908
0908
0908
0908
0908
0908
0908
0908
0908
0908
0908
0908
0908
0908
0908
0908
0908
0908
0908
0908
0908
0908
0908
0908
0908
0908
0908
0908
0908
0908
0908
0908
0908
0908
0908
0908
0908
0908
0908
0908
0908
0908
0908
0908
0908
0908
0908
0908
0908
0908
0908
0908
0908
0908
0908
0908
0908
0908
0908
0908
0908
0908
0908
0908
0908
0908
0908
0908
0908
0908
0908
0908
0908
0908
0908
0908
0908
0908
0908
0908
0908
0908
0908
0908
0908
0908
0908
0908
0908
0908
0908
0908
0908
0908
0908
0908
0908
0908
0908
0908
0908
0908
0908
0908
0908
0908
0908
0908
0908
0908
0908
0908
0908
0908
0908
0908
0908
0908
0908
0908
0908
0908
02
30