0102
0503
0801
0801
0801
0710
0906
0503
0503
0503
0503
0504
0504
0504
0504
0504
0906
0504
0610
0504
0504
0504
0504
0504
0504
0504
0504
0504
0504
0504
0504
0504
0504
0403
0501
0501
0207
0504
0902
0902
30
0304
0304
0304
0304
0304
0304
0304
0902
0705
0304
0304
0305
0305
0305
0305
0305
0305
0305
0305
0305
0308
090303
0301
0106
090903
0305
0808
30
0804
0804
0804
0804
0804
0804
0804
0804
0804
0908
0804
0804
0804
0804
0804
0804
0804
0804
0804
0804
0804
0804
0804
0804
0804
0804
0804
0804
0804
0804
0804
0804
0804
0804
0804
0804
0804
0804
0908
0804
0804
0804
0804
0804
0804
0804
0804
0804
0804
0804
0804
0804
0410
0804
0908
0804
0804
0804
0804
0804
0804
0804
0804
0805
0805
0805
0805
0805
0805
0805
0805
0908
0805
0908
0805
0604
0803
03
0701
0805
30
0608
0809
090905
0809
0608
0809
0809
0809
0809
0809
0809
0809
0809
0809
0809
0809
0809
0608
0608
0809
0809
0702
0809
0809
0809
0809
0809
0809
0809
0809
0809
0809
0809
0809
0809
0609
0809
0809
0809
0809
0809
0809
0809
0809
0809
0808
0808
0808
0808
0808
0808
0705
0808
0808
0808
0808
0808
0808
0808
0808
0606
0808
0808
0808
0808
0808
0808
0808
0606
0606
0102
0802
0701
0308
0908
0910
30
0805
0804
0804
0804
0804
0802
0802
0806
0806
0802
0802
0802
0602
0802
0802
0802
0802
0802
0802
0802
0802
0802
0802
0802
0802
0802
0802
0802
0802
0802
0802
0802
0802
0802
0802
0802
0810
0802
0802
0802
0802
0802
0802
0802
0802
0802
08
0406
0407
0806
0708
0406
0910
0904
0910
0606
0708
0806
0806
0904
0806
0406
0802
0505
0706
0808
0509
0406
30
0902
0902
0902
0902
0902
0902
0902
0902
0902
0902
0902
0902
0902
0902
0902
0902
0902
0902
0704
0902
0902
0902
0902
0902
0902
0902
0902
0902
0806
0902
0902
0902
0902
0902
0902
0902
0902
0902
0902
0902
0704
0902
0902
0704
0902
0902
0902
0704
0902
0902
0704
0902
0902
0704
0902
0902
0902
0704
0902
0902
0902
0902
0902
0902
0902
0902
0902
0602
0904
0904
0902
0704
0902
0704
0902
0902
0704
0902
0902
0902
0902
0902
0902
0902
0902
0902
0902
0902
0902
0902
0904
0902
0904
0902
0601
0810
0806
0703
0902
30
0406
0606
0606
0606
0606
0606
0606
0606
0606
0606
0606
0606
0606
0606
0606
0606
0606
0606
0606
0606
0606
0606
0606
0704
0606
0606
0606
0606
0606
0606
0606
0606
0606
0606
0606
0606
0606
0606
0606
0606
0502
0602
0504
0604
0706
0903
0903
30
090210
090210
090210
0710
090210
090302
090302
081005
090210
090206
090105
090302
30
0901
0901
0901
0901
0901
0901
0901
0901
0901
0702
0901
0901
0901
0901
0901
0901
0901
0901
0901
0901
0901
0901
0901
0901
0901
0901
0901
0901
0901
0901
0901
0901
0901
0901
0901
0901
0901
0901
0901
0901
0901
0901
0901
0901
0901
0901
0901
0901
0508
0901
0901
0901
0901
0901
0901
0901
0901
0901
0901
0901
0901
0901
0901
0901
0901
0901
0901
0901
0901
0602
0602
0901
0901
0901
0901
0901
0901
0901
0901
0901
0901
0901
0901
0901
0901
0901
0901
0901
0901
0704
0901
0508
0608
0809
0806
0706
0901
30
0707
0707
0707
0707
0206
090810
0707
0707
0707
0707
0707
0707
0707
0707
0804
0804
0804
0804
0804
0804
0804
0804
0804
0804
0804
0804
0804
0804
0804
0804
0804
0804
0804
0804
0804
0804
0804
0804
0804
0804
0804
0804
0710
08
0804
0804
0804
0804
0804
0804
0804
0804
0804
0804
0804
0804
0804
0804
0804
0804
0804
0804
0804
0804
0702
0803
0802
0601
0804
30
0808
0808
0808
0808
0808
0808
0808
0808
0808
0808
0808
0808
0808
0808
0808
0808
0808
0808
0808
0808
0808
0808
0808
0808
0808
0808
0808
0808
0808
0808
0808
0808
0808
0808
0808
0808
0808
0808
0808
0808
0808
0808
0808
0808
0808
0808
0808
0808
0808
0808
0808
0808
0808
0808
0808
0808
0808
0808
0808
0808
0808
0808
0808
0808
0808
0808
0808
0808
0808
0808
0808
0808
0808
0808
0808
0808
0808
0808
0808
0808
0808
0808
0808
0808
0808
0808
0808
0808
0808
0808
0808
0808
0806
30
0807
0801
0807
0604
0807
0807
0807
0604
0604
0604
0604
0604
0604
0604
0604
0604
0604
0604
0604
0604
0604
0604
0604
0604
0604
0606
0606
0606
0808
0606
0606
0606
0606
0606
0606
0606
0606
0606
0606
0606
0606
0606
0606
0606
0506
0605
0604
0509
0810
30
0610
0610
0610
0610
0610
0610
0610
0610
0610
0610
0610
0610
0610
0610
0610
090810
0610
0610
0610
0210
0210
0610
0210
0210
0804
0410
0610
0610
0610
080403
0510
090909
090306
0610
30
0804
0508
0804
0804
0804
0804
0804
0804
0804
0804
0804
0804
0804
0804
0804
0804
0804
0804
0804
0508
0804
0804
0804
0804
0804
0602
0806
0806
0602
0806
0806
0806
0806
0806
0806
0806
0806
0806
0806
0806
0806
0602
0806
0806
0806
0602
0806
0806
0806
0806
0806
0806
0806
0806
0806
0806
02
0806
0510
0510
0806
0806
0806
0806
0806
0806
0806
0806
0505
0804
0709
0604
0806
30
0610
0610
0610
091002
0610
091002
091002
091002
0610
0610
0610
0610
0610
0610
0610
0610
0610
02
0610
02
0406
0710
0406
0406
0610
0610
0610
0610
0610
0610
0610
0610
02
0610
0610
0610
02
0704
0704
0704
0201
0610
0603
0608
0704
30
0908
0908
0908
0908
0908
0908
0908
0908
0908
0908
0908
0908
0908
0908
0908
0908
0908
0908
0908
0908
0908
0606
0908
0908
0908
0908
0908
0908
0908
0908
0908
0806
0908
0908
0908
0908
0908
0908
0908
0908
0908
0810
0908
0908
0810
0606
0908
0908
0908
0908
0908
0908
0908
0908
0606
0908
0908
0908
0908
0908
0606
0908
0808
0908
0908
0606
0908
0908
0908
0802
0908
0908
0606
0810
0606
0908
0810
0606
0810
0808
0908
0908
0808
0808
0808
0808
0606
0606
0808
0908
0808
0908
0908
0606
0908
0908
0808
0908
0606
0908
0908
0606
0908
0808
0808
0908
0401
0906
0803
0410
0908
30
0602
0610
0602
0606
0602
0610
0910
0602
0602
0602
0602
0602
0602
0602
0602
0602
0602
0602
0602
0602
0602
0602
0610
0602
0602
0606
0602
0602
0602
0602
0910
0708
0406
0602
0602
0910
0602
0602
0602
0910
0606
0401
0602
0504
0205
0910
30
0606
0606
0606
0606
0606
0606
0606
0606
0606
0606
0606
0606
0606
0606
0606
0606
0606
0606
0606
0606
0606
0606
0606
0606
0606
0606
0606
0606
0606
0606
0606
0606
0606
0606
0606
0606
0606
0606
0606
0606
0606
0402
0202
0202
30
0406
0406
0406
0406
0406
0406
0406
0406
0406
0406
0502
0502
0502
0502
0502
0910
0502
0502
0502
0502
0502
0502
0502
0502
0708
0708
0708
0502
0202
0202
0910
0910
0910
0910
0204
0509
0506
0705
0602
30
0606
0610
0606
0606
0610
0210
0210
0702
0702
0702
0702
0908
0610
0702
0702
0702
0610
0702
0702
0702
0702
0610
0702
0702
0702
0702
0610
0610
0702
0702
0702
0702
0702
0702
0708
0708
0406
0406
0908
0702
0702
0702
0702
0702
0402
0608
0510
0502
0702
0904
30
090210
090206
0908
090210
0710
09
090304
090304
090304
090304
090304
090304
090304
090304
0810
0907
02
0909
09
30
090306
0204
090306
0204
090306
090306
0908
090306
0908
0206
0907
0907
0907
0206
0907
0907
0907
0907
0206
0907
0206
0206
0907
0907
0907
0907
0907
0907
0907
0907
090407
0806
0605
0201
0907
0810
30
0904
0904
0904
0610
0904
0904
0904
0904
0904
0904
0904
0904
0904
0904
0906
0904
0906
0904
0904
0904
0904
0904
0904
0904
0904
0904
0904
0904
0904
0906
0702
0904
0904
0904
0702
0906
0908
0906
0906
0906
0906
0906
0906
0906
0906
0906
0906
0906
0710
0906
0906
0906
0906
0906
0906
0906
0906
0906
0906
0906
0906
0906
0906
0906
0906
0906
0906
0906
0906
0906
0906
0906
0906
0710
0710
0906
0906
0710
0906
0906
0906
0906
0906
0906
0906
0906
0906
0906
0906
0906
0906
0906
0704
0710
08
0908
0904
0904
0908
0906
0906
0906
0906
0906
0906
0906
0906
0906
0906
0906
0906
0906
0906
0906
0906
0906
0906
0906
0906
0906
0906
0906
0906
0707
0905
0902
0804
0906
30
0908
0908
0908
0908
0908
0908
0504
0504
0806
0908
0908
0908
0908
0908
0908
0908
0908
0908
0908
0908
0806
0908
0908
0908
0908
0702
0908
0908
0908
0908
0908
0908
0908
0908
0908
0806
0908
0908
0908
0908
0908
0908
0908
0806
0908
0806
0908
0806
0908
0908
0806
0702
0908
0908
0908
0908
0908
0908
0908
0908
0702
0908
0806
0908
0908
0908
0908
0610
0908
0806
0806
0908
0806
0908
0610
0908
0908
0908
0806
0908
0908
0610
0610
0710
0908
0908
0806
0804
0610
0610
0908
0908
0908
0610
0908
0908
0806
0908
0610
0908
0908
0610
0908
0806
0806
0908
0607
0908
0805
0608
0908
30
0707
0705
0707
0707
0705
0705
0705
0707
0304
0707
0707
0707
0705
0707
0707
0705
0707
0707
0707
0707
0707
0705
0707
0707
0707
0707
0707
0707
0707
0705
0707
0304
0707
0707
0707
0707
0707
0707
0707
0707
0602
0707
0707
0707
0707
0707
0707
0707
0707
0707
0707
0505
0706
0703
0201
0707
30
0902
0902
0902
0310
0902
0902
0902
0704
0406
0406
0902
0902
0902
0902
0902
0902
0902
0902
0902
0902
0902
0902
0902
0902
0902
0902
0902
0902
0902
0902
0902
0902
0902
0902
0902
0902
0902
0902
0902
0902
0902
0902
0902
0902
0902
0902
0902
0902
0902
0902
0902
0602
0902
0902
0902
0902
0902
0902
0902
0902
0902
0902
0902
0902
0902
0902
0902
0902
0902
0902
0902
0710
0710
0902
0902
0902
0902
0902
0902
0902
0902
0902
0902
0902
0902
0902
0902
0902
0902
0902
0902
0708
0902
0804
0809
0902
0901
0810
0902
0808
30
0908
0908
0804
0908
0908
0908
0908
0908
0804
0908
0908
0908
0908
0804
0908
0908
0908
0908
0908
0908
0908
0908
0908
0908
0908
0908
0908
0908
0908
0908
0804
0908
0908
0908
0908
0908
0908
0908
0908
0908
0908
0908
0804
0804
0804
0908
0908
0908
0908
0908
0908
0804
0908
0908
0804
0908
0804
0908
0804
0908
0908
0804
0908
0908
0908
0908
0804
0908
0908
0908
0908
0908
0908
0908
0908
0908
0908
0908
0908
0908
0908
0908
0908
0908
0908
0908
0908
0908
0908
0908
0908
0806
0908
0908
0908
0908
0908
0908
0908
0908
0806
0908
0908
0908
0806
0806
0908
0908
0806
0908
0908
0706
0806
0908
0908
0908
0908
0908
0908
0908
0908
0908
0908
0908
0908
0908
0908
0908
0908
0908
0206
0903
0802
0309
0908
30
0608
0808
0808
090903
0608
0808
0608
0808
0808
0808
0808
0808
0808
0808
0808
0808
0808
0608
0608
0808
0808
0608
0808
0808
0808
0808
0808
0808
0808
0808
0808
0808
0808
0808
0808
0608
0808
0808
0808
0808
0808
0808
0808
0808
0808
0808
0808
0808
0808
0808
0808
0808
0808
0808
0710
09
0808
0808
0808
0808
0808
0808
0808
0608
0808
0808
0808
0808
0808
0808
0808
0608
0608
0808
0703
0807
0805
0709
0808
30
0806
0806
0806
0806
0806
0806
0308
0308
091008
091008
0308
0804
0804
0804
0804
0804
0804
0804
0804
0808
0808
0808
0808
0808
0808
0808
0808
0808
0808
0808
0808
0808
0808
0808
0808
0808
0808
0808
0808
0808
0808
0808
0808
0808
0808
0808
0808
0808
0808
0704
08
0808
0808
0808
0808
0808
0808
0808
0808
0808
0808
0808
0808
0808
0808
0808
0808
0808
0808
0601
0806
0602
0701
0808
30
0308
0308
0308
0910
0910
0308
0910
0910
0908
0306
0306
0908
0908
0306
0708
0908
0306
0306
0910
0306
0306
0306
0306
0910
0910
0306
0908
0910
0910
0908
0910
0306
0910
0306
0908
0910
0308
0910
0908
0308
0308
0910
0910
0308
0308
0910
0308
0908
0908
0805
0307
0907
0905
08
30
0710
0710
0710
0710
0710
0710
0710
0710
0710
0710
0710
0710
0710
0710
0710
0710
0710
0803
0803
0803
0803
0803
0803
0206
0803
0803
0803
0803
0803
0803
0504
0504
0803
0504
0610
0803
0803
0803
0803
0803
0803
0803
0803
0502
0206
0504
0502
0803
090709
0409
0607
090706
0803
30
0610
0610
0610
0810
0810
0610
0610
0610
0610
0810
0610
0502
0810
0610
0610
0610
0610
0610
0610
0902
0902
0702
0902
0902
0902
0902
0902
0902
0902
0902
0902
0902
0902
0902
0902
0902
0902
0902
0902
0902
0902
0902
0902
0902
0902
0902
0902
0902
0902
0902
0902
0902
0902
0902
0902
0902
0902
0902
0902
0506
0708
0902
0506
0708
0910
0708
0708
0904
0506
0506
0506
0908
0904
0708
0606
0903
0906
0903
0904
30
0510
0510
090302
0510
0510
0510
0510
0510
0510
0510
0510
0510
0510
0510
0510
0808
0808
0808
091010
0808
0404
08
0808
0808
0808
0104
0104
0808
0808
0104
0808
0808
0808
0104
0808
0104
0908
0808
0808
090905
0907
0804
0806
08
30
0210
0610
0210
0610
0610
0610
0210
0210
0610
0210
0610
0610
0701
0701
0302
0701
0701
0302
0610
0610
0701
0610
0610
0701
0610
0610
0710
0701
0302
0701
0701
0701
0701
0701
0701
0701
0701
0701
0408
0609
0606
0506
0901
0810
30
0708
0708
0708
0806
0708
0708
0808
0708
0708
0708
0808
0708
0806
0708
0708
0708
0708
0708
0708
0708
0708
0708
0708
0708
0708
0708
0802
0802
0802
0802
0806
0802
0802
0802
0802
0802
0802
0802
0802
0802
0802
0802
0802
0802
0908
0908
0806
0806
0708
0708
0806
0806
0708
0506
0708
0506
0506
0806
0806
0506
0806
0506
0908
0610
0903
0901
0608
0708
30
0804
0804
0804
0804
0804
0802
0802
0806
0806
0802
0802
0802
0602
0802
0802
0802
0802
0802
0802
0802
0802
0802
0802
0802
0802
0802
0802
0802
0802
0802
0802
0802
0802
0802
0802
0802
0810
0802
0802
0802
0802
0802
0802
0802
0802
0802
0406
0406
0806
0708
0406
0910
0904
0910
0606
0708
0806
0806
0904
0806
0406
0802
0505
0706
0808
0509
0406
30
0804
0804
0804
0806
0804
0804
0804
0804
0804
0804
0804
0806
0504
0502
0308
0602
0806
0806
0806
0806
0806
0808
0808
0808
0806
0808
0806
0806
0806
0806
0806
0806
0806
0806
0806
0806
0806
0806
0808
0808
0808
0808
0808
0808
0808
0808
0808
0808
0808
0808
0808
0808
0808
0808
0808
0808
0808
0604
0808
0808
0808
0604
0808
0808
0808
0808
0808
0604
0604
0808
0808
0510
0806
0802
0610
0808
30
0602
0602
0602
0706
0602
0602
0706
0602
0706
0706
0602
0602
0602
0602
0610
0610
0610
0610
0610
0702
0702
0404
0702
0702
0702
0702
0702
0702
0702
0702
0502
0502
0708
0708
0906
0906
0906
0502
0708
0502
0404
0708
0708
0705
0602
0609
0703
0609
0601
0705
30
0908
0908
0908
0908
0908
0908
0908
0908
0908
0908
0908
0908
0908
0908
0908
0908
0908
0908
0908
0908
0908
0908
0908
0908
0908
0908
0908
0908
0908
0908
0908
0908
0908
0908
0908
0908
0908
0908
0908
0908
0908
0908
0908
0908
0908
0908
0908
0908
0908
0908
0908
0908
0908
0908
0908
0908
0908
0908
0908
0908
0908
0908
0908
0908
0908
0908
0908
0908
0908
0908
0908
0908
0908
0908
0908
0908
0908
0908
0908
0908
0908
0908
0908
0908
0908
0908
0908
0908
0908
0908
0908
0908
0908
0908
0908
0908
0908
0908
0908
0908
0908
0908
0908
0908
0908
0908
0908
0908
0908
0908
0908
0908
0908
0908
0908
0908
0908
0908
0908
0908
0908
0908
0908
0908
0908
0908
0908
0908
0908
0908
0908
0908
0908
0908
0908
0908
0908
0908
0908
0908
0908
0908
0908
0908
0908
0908
0908
0908
0908
0908
0908
0908
0908
0908
0908
0908
0908
0908
0908
0908
0908
0908
0908
0908
0908
0908
0908
0908
0908
0908
03
09
30