0108
0506
04
0803
0803
0803
0803
0908
0507
0507
0507
0507
0508
0508
0508
0508
0508
0908
0508
0810
0810
0704
0810
0704
0508
0508
0508
0508
0508
0508
0508
0508
0508
0508
0508
0508
0508
0508
0508
0508
0508
0508
0508
0810
0810
0810
0810
0810
0810
30
0410
04
0410
0410
0410
0410
0410
0410
0904
0904
0904
0904
0708
0902
0708
0708
0708
0902
0410
0410
0410
0410
0410
0410
0410
0410
0410
0410
0410
0410
0410
0410
0410
0410
0908
0908
0806
0808
0908
0210
0210
0210
0410
08
0510
30
0805
0908
0805
0805
0805
0805
0805
0908
0805
0805
0805
0807
0807
0807
0807
0807
0807
0807
0807
0807
0807
0807
0807
0807
0807
0807
0908
0807
0807
0807
0807
0807
0807
0807
0807
0708
0708
0708
0707
0707
0707
0708
0706
0708
0708
0708
0807
0908
0807
0807
0807
0807
0807
0807
0807
0807
0807
0807
0807
0807
0807
0807
0807
0807
0910
0807
0910
0807
0807
0807
08
0708
0708
0708
0708
0708
0208
0210
0408
30
0610
05
0903
091010
0901
0610
0901
0901
0901
0901
0901
0901
0901
0901
0901
0810
0901
0901
0702
0702
0902
0902
0702
0902
0902
0902
0902
0902
0902
0902
0902
0902
0902
0902
0902
0902
0702
0902
0902
0902
0902
0902
0902
0902
0902
0902
0902
0902
0902
0902
0902
0902
0810
0810
0902
0902
0608
0708
0902
0810
0810
0810
0902
0902
0902
0902
0902
0902
0902
0902
0702
0902
0902
0902
0902
0902
0902
0902
0702
0702
0902
0902
0902
0902
0902
0708
0902
0810
0810
0810
0810
0810
0902
0704
30
0904
06
0804
0804
0804
0804
0804
0804
0804
0804
0804
0804
0804
0804
0804
0804
0804
0804
0804
0804
0804
0804
0804
0804
0804
0806
0806
0806
0806
0806
0806
0806
0806
0806
0806
0806
0808
0808
0808
0808
0808
0808
0806
0806
09
0806
0806
0806
0602
0602
0810
09
0806
0806
0806
0808
0808
0604
0604
0806
0604
0910
0806
0910
0604
0806
0806
0910
0806
0604
08
08
0910
09
0806
0806
0806
0806
0810
0806
0806
0806
0708
0708
0707
30
0905
0905
06
0905
0905
0905
0905
0905
0903
0903
0903
0903
0903
0810
0903
0903
0903
0903
0903
0804
0904
0904
0904
0904
0904
0904
0904
0904
0904
0904
0804
0904
0804
0904
0904
0804
0904
0904
0904
0904
0804
0904
0904
0904
0904
0904
0904
0904
0904
0708
0708
0708
0708
0708
0602
0708
0708
0708
0708
0708
0904
0908
0904
0804
0904
0804
0904
0904
0804
0904
0904
0904
0904
0904
0904
0904
0904
0904
0904
0904
0904
0904
0908
0904
0908
0904
0904
0904
0904
0708
0708
0708
0708
0708
0208
0410
0410
03
30
0805
0908
0805
0805
0805
0805
0805
0908
0805
0805
0805
0807
0807
0807
0807
0807
0807
0807
0807
0807
0807
0807
0807
0807
0807
0807
0908
0807
0807
0807
0807
0807
0807
0807
0807
0708
0708
0708
0707
0707
0707
0708
0706
0708
0708
0708
0807
0908
0807
0807
0807
0807
0807
0807
0807
0807
0807
0807
0807
0807
0807
0807
0807
0807
0910
0807
0910
0807
0807
0807
08
0708
0708
0708
0708
0708
0208
0610
0608
0810
0610
30
04
090310
090310
090402
0904
0710
0905
0905
090310
090310
090310
090402
090402
090402
090402
0905
0905
0905
09
0410
0610
0610
0610
0510
30
0902
0902
04
0902
0902
0902
0902
0904
0904
0904
0708
0904
0904
0904
0904
0904
0904
0904
0904
0904
0904
0904
0904
0904
0904
0904
0904
0904
0904
0904
0904
0904
0904
0904
0904
0904
0904
0904
0904
0904
0904
0904
0904
0904
0904
0904
0904
0904
0904
0602
0904
0904
0904
0904
0904
0904
0904
0904
0904
0904
0904
0904
0904
0904
0904
0904
0904
0904
0904
0904
0704
0704
0704
0406
0406
0904
0904
0904
0904
0904
0904
0904
0904
0904
0904
0904
0904
0904
0904
0904
0904
0904
0804
0904
0508
0904
0904
0904
0904
0904
0704
0602
0708
0708
0602
30
0602
06
080510
0610
0610
0608
0610
0610
0610
0610
0708
0410
0708
0708
0708
0708
0708
0708
0708
0806
0608
0608
0608
0608
0608
0608
0608
0608
0608
0608
0608
0608
0608
0708
0708
0708
0708
0708
0708
0210
0410
0410
0708
0410
0602
0604
30
0602
06
080510
0610
0610
0608
0610
0610
0610
0610
0708
0410
0708
0708
0708
0708
0708
0708
0708
0806
0608
0608
0608
0608
0608
0608
0608
0608
0608
0608
0608
0608
0608
0708
0708
0708
0708
0708
0708
0404
0404
0404
0404
0707
0710
0610
0901
30
0410
06
0610
0610
0610
0610
0610
0610
0610
0610
0610
0610
0610
0610
0610
0610
0610
0610
0610
0610
0610
0608
0608
0608
0904
0904
0904
0704
0904
0904
0902
0608
0608
0608
0608
0608
0608
0608
0608
0608
0608
0608
0608
0608
0608
0608
0608
0608
0608
0608
0705
0705
0904
0904
0904
0904
0904
0904
30
0910
0604
0604
0604
0604
0604
090708
0605
0110
0110
0110
0110
0708
0708
0708
0406
0708
0708
0708
0708
0708
0708
0605
0605
0605
0110
0110
0406
0708
0704
0704
0704
0708
0210
0210
0210
0210
0602
30
0610
0908
0610
0610
0610
0610
0610
0610
0610
0702
0702
0702
0702
0702
0702
0702
0702
0702
0702
0702
0702
0708
0702
0702
0702
0702
0702
0702
0702
0702
0702
0702
0908
0702
0308
0610
0610
0308
0702
0702
0702
0702
0702
0610
0610
0610
0610
0308
0610
0610
0610
0708
30
0704
0910
0704
0704
091002
091002
091002
0704
0704
0704
0704
0704
0704
0704
0704
0704
02
0704
02
0406
0406
0704
0704
0708
0708
0704
0704
0704
0704
0704
0704
0704
0704
02
0704
0704
0704
02
0704
0704
0704
0704
0704
02
0704
0406
0708
0704
0704
0704
0210
0604
30
0910
0908
04
0908
0908
0908
0908
0908
0908
0908
0908
0908
0908
0908
0908
0908
0908
0908
0908
0908
0908
0908
0708
0908
0908
0908
0908
0908
0908
0908
0908
0908
0806
0908
0908
0908
0908
0908
0908
0908
0908
0908
0810
0908
0908
0810
0710
0908
0908
0908
0908
0908
0908
0908
0908
0710
0908
0908
0908
0908
0908
0710
0908
0810
0908
0908
0708
0908
0908
0908
0810
0908
0908
0708
0810
0708
0908
0806
0806
0806
0704
0704
0810
0810
0908
0908
0810
0810
0810
0810
0710
0710
0810
0908
0810
0908
0908
0710
0908
0908
0810
0908
0710
0908
0908
0710
0908
0810
0810
0908
0710
0908
0810
0710
0908
0806
0806
0806
0806
0610
0602
30
0610
04
0610
0610
04
0610
0610
0610
0610
0610
0610
0610
0610
0610
0610
0610
0610
0610
0610
0610
0610
0610
0610
0610
0610
0610
04
0704
0610
0406
0610
0610
04
0610
0610
0610
04
04
0610
04
0708
08
0708
0708
02
02
0708
0706
0706
0708
0708
0510
0610
0610
0610
0610
0610
0610
0610
0610
0902
30
09
09
09
09
09
09
09
09
09
09
09
09
09
09
09
09
09
09
09
09
09
09
09
09
09
09
09
09
09
09
09
09
09
09
090207
090207
090207
090207
09
09
09
09
09
090207
090208
090208
090208
090208
0210
0210
0210
0406
0408
30
0504
02
0504
0504
0504
0504
0504
0504
0506
0506
0506
0506
0506
0910
0506
0506
0506
0506
0506
0506
0708
0704
0704
0704
0704
0704
0708
0708
0704
0506
0206
0910
0910
0910
0910
0608
0910
0708
08
0406
0704
0708
0704
0704
0704
0410
0410
0610
0610
0802
30
09
09
09
09
09
09
09
09
09
09
09
09
09
09
09
09
09
09
09
09
09
09
09
09
09
0704
0704
0406
0406
0406
02
0704
0704
0704
0704
02
0704
0704
0704
0704
0406
08
090910
0708
090910
090910
0406
0406
090910
090910
090910
09
0210
0210
0210
0210
0210
0810
0201
0810
0910
0908
0903
30
09
09
09
09
09
09
09
09
09
09
09
09
09
09
09
09
09
09
09
09
09
09
09
09
09
09
09
09
09
09
09
09
09
09
09
09
09
09
09
09
09
09
09
09
09
09
09
09
09
09
09
09
09
090703
090703
090703
090703
09
09
09
09
09
09
09
09
09
09
09
09
090703
0401
090704
090704
090704
090704
090704
090704
0910
0210
0210
0210
0708
0708
0408
0703
30
0204
090306
0908
0908
0908
0206
0908
0908
0908
0206
0908
0908
0908
0908
0206
0908
0206
0504
0504
0504
0202
0908
0908
0908
0908
0908
0908
0908
0908
0908
0908
0908
0908
0908
0210
0610
0610
0610
0610
0610
0206
0206
0206
0206
0610
0610
0610
0610
0610
0610
0708
0908
02
30
0906
05
0906
0906
0710
0906
0906
0906
0906
0906
0906
0906
0906
0906
0906
0906
0906
0906
0906
0906
0906
0906
0906
0906
0906
0906
0906
0906
0710
0906
0906
0906
0710
0907
0907
0907
0907
0907
0907
0907
0907
0907
0907
0907
0907
0802
0907
0907
0907
0907
0907
0907
0907
0907
0907
0907
0907
0907
0907
0907
0907
0907
0907
0907
0907
0907
0907
0907
0907
0907
0802
0802
0907
0907
0802
0907
0907
0907
0907
0907
0907
0907
0907
0907
0907
0907
0907
0907
0907
0908
0806
0806
0704
0908
0908
0908
0908
0802
0907
0907
0907
0907
0907
0907
0907
0907
0907
0908
0908
0908
0908
0908
0908
0908
0908
0908
0908
0908
0908
0908
0908
0908
0908
0908
0908
0908
0908
0907
0907
0806
0806
0806
0806
05
0510
0510
07
30
0908
0908
04
0908
0908
0908
0908
0510
0510
0808
0908
0908
0908
0908
0908
0908
0908
0908
0908
0908
0908
0808
0908
0908
0908
0908
0704
0908
0908
0908
0908
0908
0908
0908
0908
0908
0808
0908
0908
0908
0908
0910
0910
0910
0810
0910
0810
0910
0810
0910
0910
0810
0706
0910
0910
0910
0910
0910
0910
0910
0910
0706
0910
0810
0910
0910
0910
0910
0706
0910
0810
0810
0910
0810
0910
0706
0910
0910
0910
0810
0910
0910
0706
0706
0806
0806
0806
0710
0704
0806
0910
0910
0810
0810
0706
0706
0910
0910
0910
0706
0910
0910
0810
0910
0706
0910
0910
0706
0910
0810
0810
0910
0706
0910
0810
0706
0910
0810
0810
0810
0602
30
0608
06
0608
0608
0608
0608
0608
0608
0608
0608
0606
0606
0606
0606
0606
0606
0606
0606
0606
0606
0606
0606
0606
0606
0606
0606
0606
0606
0606
0606
0606
0708
0708
0602
0606
0606
0606
0606
0606
0606
0606
0708
08
0708
0708
0708
0708
0410
0410
0610
30
0904
0904
06
0904
0406
0904
0904
0904
0708
0408
0408
0904
0904
0904
0904
0904
0904
0904
0904
0904
0904
0904
0904
0904
0904
0904
0904
0904
0904
0904
0904
0904
0904
0904
0904
0904
0904
0904
0904
0904
0904
0904
0904
0904
0904
0904
0904
0904
0904
0904
0904
0904
0508
0904
0904
0904
0904
0904
0904
0904
0904
0904
0904
0904
0904
0904
0904
0904
0904
0904
0904
0904
0804
0804
0804
0510
0510
0806
0904
0904
0904
0904
0904
0904
0904
0904
0904
0904
0904
0904
0904
0904
0904
0904
0904
0710
0904
0508
0904
0904
0904
0904
0904
0806
0806
0904
30
0908
0908
0805
0908
04
0908
0908
0908
0908
0805
0908
0908
0908
0908
0805
0908
0908
0908
0908
0908
0908
0908
0908
0908
0908
0908
0908
0908
0908
0805
0908
0908
0908
0908
0908
0908
0908
0908
0908
0908
0908
0805
0805
0805
0908
0908
0908
0908
0908
0908
0805
0908
0908
0805
0908
0805
0908
0805
0908
0908
0805
0908
0908
0908
0908
0805
0908
0908
0908
0908
0908
0908
0908
0908
0908
0908
0910
0910
0910
0910
0910
0910
0910
0910
0910
0910
0910
0910
0810
0910
0910
0910
0910
0910
0910
0910
0910
0810
0910
0910
0910
0810
0810
0910
0910
0810
0910
0910
0806
0805
0805
0708
0805
0810
0910
0910
0910
0910
0910
0910
0910
0910
0910
0910
0910
0910
0910
0910
0910
0910
0910
0910
0910
0910
0810
0805
0805
0805
0805
0805
0805
0208
30
0801
05
0901
0901
091005
0701
0901
0701
0901
0901
0901
0901
0901
0901
0901
0901
0901
0901
0702
0702
0902
0902
0702
0902
0902
0902
0902
0902
0902
0902
0902
0902
0902
0902
0902
0902
0702
0902
0902
0902
0902
0902
0902
0902
0902
0902
0902
0902
0902
0902
0902
0902
0902
0902
0902
0810
0810
0810
0810
0704
0902
0902
0810
0902
0902
0902
0902
0902
0902
0902
0702
0902
0902
0902
0902
0902
0902
0902
0702
0702
0902
0902
0902
0902
0902
0902
0704
0902
0902
0902
0902
0902
0902
0602
30
0809
0809
0809
05
0809
0809
0809
0404
0404
0107
0107
0404
0809
0809
0809
0809
0809
0809
0809
0809
0810
0810
0810
0810
0810
0810
0810
0810
0810
0810
0810
0810
0810
0810
0810
0810
0810
0810
0810
0810
0810
0810
0810
0810
0810
0810
0810
0810
0810
0810
0704
0704
0810
0810
0810
0810
0810
0810
0810
0810
0810
0810
0810
0810
0810
0810
0810
0810
0810
0810
0810
0608
0810
0804
0804
0804
0210
0708
0708
0805
06
30
0504
06
0504
0504
0504
02
02
02
0504
0504
02
02
0504
0902
0902
0810
0810
0704
0810
0704
0704
0704
0806
0910
0902
02
0504
0504
0504
0504
0410
0410
02
02
0410
0410
02
0410
02
0410
0410
0410
0410
0410
02
02
0410
02
02
0908
0904
0908
02
0602
0602
0602
0602
0602
0708
0708
0908
30
0802
0802
08
0802
0802
0802
0802
0802
0802
0802
0802
0802
0802
0802
0802
0802
0802
0802
0710
0710
0710
0710
0710
0406
0710
0710
0710
0710
0710
0610
0610
0806
0610
0708
0802
0802
0610
0806
0806
0806
0806
0806
0806
0710
0710
0406
0610
0806
0610
0610
0710
0406
0806
0610
0806
0806
0806
0806
0210
0210
0210
0802
30
0708
0708
0708
0908
0908
06
0708
0708
0708
0708
0908
0602
0908
0708
0708
0708
0708
0708
0708
0908
0708
0908
0908
0908
0908
0908
0908
0908
0908
0908
0908
0908
0908
0908
0908
0908
0908
0908
0908
0908
0908
0908
0908
0908
0908
0908
0908
0908
0908
0908
0908
0908
0908
0908
0806
0806
0806
0806
0806
0806
0806
0806
0806
0806
0806
0602
0908
0610
0806
0610
0806
0910
0806
0806
0610
0610
0610
0910
0806
0910
0910
0806
0602
0806
0806
0806
0806
0806
0806
0806
0806
0806
0806
0908
0908
0810
0810
0810
0908
30
0804
0604
090510
0604
06
0604
0604
0604
0604
0604
0604
0604
0604
0604
0604
0810
0110
0810
0406
0406
0406
0406
0406
0910
0406
08
0202
0210
0206
0210
0210
0210
0708
0708
0406
0406
0708
0708
0708
0910
30
091010
0504
091010
0504
06
091010
091010
0504
091010
091010
091010
0602
0602
0602
0604
0604
0610
0610
0610
0210
091010
0210
0610
0610
0610
0610
0210
0210
0210
0210
0708
0708
0904
30
0904
08
0904
0908
0810
0810
0810
0810
0810
0810
0904
0904
0810
0904
0904
0810
0810
0810
0810
0810
0904
0902
0810
0810
0810
0810
0810
0810
0810
0810
0810
0810
0810
0810
0810
0810
0810
0810
0810
0805
0805
0805
0805
0805
0805
0805
0805
0805
0805
0805
0805
0805
0805
0805
0810
02
0806
0806
0806
0610
0806
0610
0610
0610
0610
0910
0910
0806
0810
0805
0806
0602
0806
0806
0904
02
02
0806
0602
0602
0602
0602
02
0406
0810
0806
0708
0810
30
0904
06
0804
0804
0804
0804
0804
0804
0804
0804
0804
0804
0804
0804
0804
0804
0804
0804
0804
0804
0804
0804
0804
0804
0804
0806
0806
0806
0806
0806
0806
0806
0806
0806
0806
0806
0808
0808
0808
0808
0808
0808
0806
0806
09
0806
0806
0806
0602
0602
0810
09
0806
0806
0806
0808
0808
0604
0604
0806
0604
0910
0806
0910
0604
0806
0806
0910
0806
0604
08
08
0910
09
0806
0806
0806
0806
0810
0806
0806
0806
0708
0806
0708
01
30
09
09
09
09
09
09
09
09
09
09
09
09
09
09
09
09
09
09
09
09
09
09
09
09
09
09
09
09
09
09
09
09
09
09
09
09
09
0206
0206
0206
0206
0206
09
09
09
09
09
09
09
09
09
09
09
09
09
09
09
09
09
0508
0508
0207
0508
0207
0207
0207
0207
0207
0207
0207
0207
0708
0708
0806
0708
0708
0708
0708
0708
0708
0708
0708
0810
0708
0708
0708
0708
0708
0406
0708
0708
0901
30
09
09
09
09
09
09
09
09
09
09
09
09
09
09
09
09
09
09
09
09
09
09
09
09
09
0308
0308
0308
0308
0308
0308
0308
0308
0308
0308
0308
09
09
09
09
09
09
09
09
09
09
09
09
09
09
0308
0308
0308
0309
0309
0309
0309
0309
0309
0210
0210
0410
0610
0810
0610
0810
0410
0410
0410
0505
30
0905
0905
06
0905
0905
0905
0905
0905
0903
0903
0903
0903
0903
0810
0903
0903
0903
0903
0903
0804
0904
0904
0904
0904
0904
0904
0904
0904
0904
0904
0804
0904
0804
0904
0904
0804
0904
0904
0904
0904
0804
0904
0904
0904
0904
0904
0904
0904
0904
0708
0708
0708
0708
0708
0602
0708
0708
0708
0708
0708
0904
0908
0904
0804
0904
0804
0904
0904
0804
0904
0904
0904
0904
0904
0904
0904
0904
0904
0904
0904
0904
0904
0908
0904
0908
0904
0904
0904
0904
0708
0708
0708
0708
0708
0708
0708
0708
02
0708
0708
0708
01
30