0308
09
09
09
09
09
0308
0308
0308
0210
0308
0308
0308
0210
0308
0310
0210
0310
0210
0210
0305
0210
0210
0210
0210
090510
0205
0104
090809
0210
30
090410
090410
090810
090410
090410
090410
090410
090410
090810
090810
090810
08
08
08
090810
08
08
090810
08
08
0102
01
0808
0709
08
0708
30
0904
0910
09
09
09
0810
09
0704
0910
0810
0910
0704
0606
06
0904
0910
0606
0904
0904
0904
0904
09
0910
09
0606
09
0904
0810
0910
09
0904
0904
09
09
09
0910
0904
0910
0904
0904
09
0810
0904
0910
0810
0910
0910
0910
0904
0904
0904
0810
0910
09
0910
09
09
0704
0810
0708
0610
0904
02
08
0904
0904
02
0904
0904
08
08
02
09
02
0904
0904
09
0610
0810
0904
02
09
09
09
02
0708
0904
0904
08
0904
0904
02
02
09
0901
02
0901
07
09
09
09
09
0904
0907
0902
09
09
0901
09
09
09
09
09
0609
07
09
09
07
0705
09
01
0902
01
0904
0902
09
0904
0907
0607
0901
01
09
09
0901
01
04
0904
0901
01
09
09
09
0901
09
0904
01
09
01
0902
0904
07
0907
09
09
0902
0802
0609
0609
0902
05
0710
09
09
0406
30
0908
0908
09
0602
0602
0908
0908
0406
0908
02
09
0406
09
09
0908
0908
09
0602
0406
0708
09
0708
09
09
0708
09
09
0602
0602
0708
0908
0708
09
09
09
0602
09
0908
0908
0908
0908
0908
0908
0406
0708
0708
0908
0908
0602
0708
0708
0602
0708
0602
0602
0602
0708
0708
0708
0708
0406
09
0602
09
0602
0708
0406
0602
0406
0708
09
06
0604
0905
0910
0510
0406
0910
30
0708
0708
0708
0708
0708
0708
0708
0708
0708
0708
0708
0708
0708
0708
0708
0708
0708
0708
0708
0708
0708
0708
0708
0708
0708
0708
0708
0708
0708
0708
0708
0708
0708
0708
0708
0708
0708
0708
0708
0708
0708
0708
0708
0708
0708
0708
0708
0708
0708
090210
0606
0708
0708
0708
0708
0708
0708
0708
0708
30
0902
09
09
0810
0910
06
0910
06
0810
0910
0910
0910
0910
06
0810
09
0902
0810
0902
0902
0902
0910
06
0902
09
0910
0810
0810
0910
0902
0902
0910
09
09
06
09
0810
09
0910
0910
0910
0902
0610
0810
0810
0910
0902
0910
0810
09
09
09
0702
09
0702
0810
09
0604
02
02
0904
09
0702
02
09
02
09
0810
0702
0904
02
02
0810
0810
08
0904
08
0810
08
02
02
0702
02
02
0904
0810
0810
02
09
09
0904
02
0810
02
0702
09
09
08
09
08
08
08
09
08
08
08
08
0904
08
0908
09
04
0604
09
09
09
0710
08
04
09
09
09
0702
0702
09
0908
0810
0904
0908
09
0904
0810
0604
09
09
0908
02
09
0904
0802
09
09
09
09
09
0908
0904
0904
0810
02
09
0810
02
0904
09
0904
09
09
0808
04
0710
0904
0710
05
0901
0708
09
0210
30
0904
0910
09
09
09
09
09
0704
0910
0810
0910
0704
0606
06
0904
0910
0606
0904
0904
0904
0904
09
0910
09
0606
09
0904
0810
0910
09
0904
0904
09
09
09
0910
0904
0910
0904
0904
09
0810
0904
0910
0810
0910
0910
0910
0904
0904
0904
0810
0910
09
0910
09
09
0704
0810
0708
0610
0904
02
08
0904
0904
02
0904
0904
08
08
02
09
02
0904
0904
09
0610
0810
0904
02
09
09
09
02
0708
0904
0904
08
0904
0904
02
02
09
0901
02
0810
07
09
0810
09
09
0904
0902
09
09
0901
09
0907
09
09
09
09
07
09
09
0810
07
0705
09
01
0902
01
0904
0902
09
0904
0907
0809
07
0901
01
09
09
0901
01
04
0904
0901
01
09
09
09
0901
09
0904
01
09
01
0902
0907
09
09
0902
0802
0609
0609
09
0307
0809
0706
0603
09
30
08
08
08
08
08
08
081008
08
090510
0510
090510
0510
090510
08
08
090510
08
071010
08
08
08
080608
090410
090210
0210
0510
0602
0410
30
0904
0708
09
0904
09
0806
0708
0708
0708
0904
0904
0708
0904
0904
0708
0904
0904
0708
0708
0708
0904
0708
0708
0904
0708
0708
0904
0708
0708
0904
0710
0710
0904
0904
0710
0904
0710
0710
0710
0708
06
0904
0710
0710
0904
0904
0904
0708
0708
0708
0710
0708
0710
0904
0406
0610
0708
0710
0904
0708
0708
0806
0708
0904
0806
0904
0806
0710
0904
0704
0904
0806
08
09
09
0706
0710
0710
0706
0706
0710
0706
0806
30
0904
09
0904
0904
0904
02
0908
0908
02
09
0308
0708
0908
02
02
02
02
02
0708
09
0908
0908
0908
0904
0908
0904
02
09
02
0904
0908
02
09
0908
02
02
0806
0904
0908
09
09
0908
0908
0908
02
0904
02
08
02
0904
0904
09
0908
0908
0602
0904
02
02
02
0908
0904
09
02
0904
02
0908
02
0904
02
0908
0908
0908
0908
02
0904
0602
0602
02
09
0908
0908
02
0908
0908
0904
0908
02
0908
0602
0908
0904
02
0602
02
09
0908
0908
02
0904
0908
0908
0908
0904
02
09
09
08
09
0602
09
09
09
0904
09
09
02
09
09
0908
09
0904
0904
09
0908
0908
0908
0904
09
0908
0602
0908
0908
0602
09
02
0908
0806
09
0908
0904
0908
0908
02
09
0904
0908
0602
0908
0403
0903
0804
0705
02
0904
30
0902
0708
0708
0708
0708
0708
02
0908
0908
0708
0708
0904
0908
0708
0708
0708
0708
0708
0904
0904
0708
0904
02
0904
02
0904
0708
0708
0810
0708
0708
0708
0708
0708
0708
0708
0708
0708
0708
0602
0708
0904
0904
0708
0708
0708
0708
0708
0708
0602
0708
0708
0708
0708
0708
0708
09
0708
0708
0903
0904
0904
0904
0904
0904
0708
0708
0708
0904
0904
0904
0904
0904
0904
0210
0304
30
02
02
0308
0308
0308
0702
0610
0704
0704
0308
0308
0308
0308
0308
0308
0704
0704
02
0704
02
0802
02
02
02
0704
0210
0310
0310
0310
0310
0310
0310
02
0308
02
02
02
02
02
0704
02
02
02
090903
0904
0509
0302
0210
30
02
0904
0810
0904
0904
0904
02
0904
0810
0904
0810
0904
0904
0904
0810
0904
02
0210
08
02
0904
0810
0904
0904
02
0908
02
0406
02
0406
0904
0904
0904
0904
0904
0908
02
0602
0904
0904
09
0904
0904
02
02
02
0904
0904
09
0904
0904
0904
0904
09
0810
0810
0810
02
02
0904
02
02
02
02
0904
09
0904
0810
0810
0904
02
0810
0904
0904
0904
0904
0904
02
0610
0904
02
0904
02
02
0904
0904
02
02
0810
09
02
09
0810
0810
0908
0904
0602
02
0904
0810
02
0904
0904
0904
0904
0406
0807
0405
0402
0908
0410
0810
0210
30
08
0501
05
09
09
09
09
09
0910
0602
0602
0602
0602
0602
0602
0602
0602
0602
0602
0602
0806
0806
0602
0806
0602
0602
0602
0602
0602
0602
0602
0504
0602
0602
0908
0806
0504
0602
0610
0604
0604
0604
0602
0602
0602
0602
0602
0602
0602
0602
0602
0904
0806
0609
30
0805
0810
0908
09
09
0810
0810
09
0810
0805
0207
0908
0810
0908
0810
0810
0810
0908
0810
0810
0810
0908
0810
0806
0805
0806
0902
0810
0508
09
09
09
09
0910
0910
0810
0810
09
09
0810
09
09
0910
09
09
0910
0808
0806
09
09
09
0910
09
0810
09
0910
06
09
0910
0806
0210
0506
0806
0810
09
0606
0806
0806
0910
0908
09
0904
0705
09
09
09
0806
09
0705
0705
09
06
09
09
09
0904
0910
0910
0810
0810
0806
0807
0606
0904
0910
0807
0806
0606
09
0810
0806
0806
09
09
09
0806
09
09
09
0810
0810
0506
0810
0904
0904
0810
0701
0802
0805
0807
0706
0510
30
0708
0810
09
09
09
09
09
09
0708
0708
0810
0605
0810
0605
09
0406
0810
0708
09
0810
0708
0810
09
09
0708
09
0610
09
09
0708
0708
0810
0904
09
0610
0810
09
0810
09
09
09
09
09
0810
09
0904
0904
06
0602
09
09
09
09
09
0708
0810
0708
09
09
09
09
091010
09
0710
090708
09
09
09
09
09
09
0904
09
09
0910
0610
0710
0708
0810
09
0610
09
09
0708
090708
06
0610
09
09
0406
09
0810
0610
09
09
0710
09
0708
09
0710
09
0710
09
09
09
09
09
09
0108
03
0810
0502
09
0704
30
0708
0806
09
0908
09
09
09
0904
0908
0806
0806
0708
0708
0904
0904
0708
09
0602
09
0308
09
09
0806
06
0904
0602
09
09
0708
09
09
09
09
09
0806
0708
09
09
09
09
09
09
09
0806
09
0708
09
09
09
09
09
09
09
09
09
09
0708
0904
0708
0510
0908
0908
0708
09
0904
0904
0904
09
09
0808
0806
0806
0904
0806
09
09
09
0904
0904
0908
0904
09
0904
0904
09
0706
02
0904
0908
0904
0904
0806
0904
0702
09
0708
09
0708
0708
0904
09
09
09
09
0904
0904
09
09
09
0808
09
0708
0602
0708
09
0708
0806
0602
0807
0703
0604
0806
0210
0210
0602
0708
30
05
02
0904
0704
0904
0904
0708
0708
0708
0704
0704
08
0904
0708
0704
0810
0708
0704
0704
0704
0708
0704
0908
0704
0708
0704
0704
0704
0704
0704
0704
0704
0704
0704
0806
0602
0704
0704
0704
0704
0704
0704
0704
0704
0704
0704
0704
0704
0704
0708
0704
0704
0704
0704
0704
0708
0708
0904
0904
0904
0708
0708
0708
0708
09
0810
0710
0808
30
0910
0910
0910
0910
0910
0910
0910
0910
0210
0910
0910
0910
0910
0910
0910
0910
0910
0910
0910
0910
0910
0910
0910
0210
0910
0910
0910
0910
0910
0910
0910
0910
0910
0910
0910
0910
0910
0210
090410
0210
0910
0910
0910
0910
0910
0910
0910
0910
0910
0910
0910
0910
0910
0210
0210
0910
0910
0910
0910
0910
0210
0910
0210
0910
0910
0910
0910
0908
0910
0908
0908
02
0908
0908
0908
0908
0908
0910
0908
0908
0908
0908
0908
0910
0908
0908
0908
0908
0908
0908
0908
090207
0806
0601
0710
0908
0210
0908
30
02
02
02
02
02
0708
02
02
02
02
02
02
0602
02
02
02
02
02
02
02
02
02
02
02
02
02
02
02
02
02
02
02
02
02
02
02
02
02
02
02
02
02
02
02
02
02
02
02
02
02
02
02
02
090410
0709
0602
0708
0602
0602
0602
0602
0602
02
02
0708
02
02
02
0806
02
0806
02
02
02
02
0602
02
02
02
02
0806
0406
02
02
02
02
02
02
02
02
02
091002
0804
0306
0310
0909
090810
090810
090810
30
0710
0710
0210
0210
0210
080510
0210
080510
0710
0710
0710
070305
0408
090804
080503
0108
04
0410
0210
0810
30
0605
09
09
09
09
09
0806
0806
0902
09
09
09
09
0908
04
0806
09
0806
0806
09
0806
0806
0806
0904
06
0708
0708
0806
0904
09
0806
0806
0904
0806
08
09
0806
0708
09
09
0708
0708
0806
0708
0904
0806
0904
08
08
0904
0406
0806
0708
0806
0806
0708
02
0806
0806
0806
0806
0806
0806
0708
0904
0904
0708
0708
0708
0708
0708
0708
0806
0806
0904
0904
0807
0708
09
0904
02
0708
09
0904
0806
0806
0806
0806
0307
0707
0501
0504
0708
0406
0708
0708
30
04
0605
0406
0904
0806
0806
0806
02
0806
0806
0806
0806
0806
0806
0904
0806
0904
0904
0904
0904
0806
0806
0810
0510
0406
0602
0910
0602
0806
0806
0906
0806
0806
0810
0806
0602
0806
0605
0806
0602
0510
0806
0806
02
0810
0806
0806
0806
0806
0806
0702
0806
0806
0806
0602
0810
0806
0806
0708
0806
0806
0806
0806
0806
0806
0806
0810
0806
0806
0806
0710
091010
0706
0710
30
0904
02
02
02
0602
02
02
0610
0602
02
0602
08
02
02
08
08
08
0602
0904
08
08
0904
02
02
08
090410
0602
0904
02
02
0602
0602
02
02
08
02
0602
0602
0602
0904
0602
0602
02
08
0904
0904
0602
02
0602
02
0904
02
0904
04
02
0602
0904
02
0904
0602
0602
0602
0602
02
02
02
0602
02
02
02
02
0602
02
02
0602
02
0602
0904
0904
0904
0105
0906
0403
0606
02
0810
30
02
0806
02
08
0610
0806
02
08
02
02
0806
02
06
08
08
0806
0806
0708
08
0806
0806
0806
08
0806
08
0806
0806
08
08
0806
08
0806
08
08
08
0806
0806
08
08
0708
08
08
08
08
08
08
08
0610
0610
0210
0308
0610
08
08
08
08
0806
08
08
0610
0610
08
08
0806
08
08
0806
0806
08
08
08
08
0806
0806
08
0806
0610
0708
08
08
08
0806
08
0806
08
08
08
0806
08
0806
0806
08
0806
0806
08
08
08
0806
08
0708
0806
0708
08
0806
08
0806
08
08
08
08
0806
0806
08
08
0806
08
08
0806
08
08
08
08
0806
08
08
0806
0806
08
0806
0806
08
08
08
0806
0806
08
0806
0602
04
0906
0910
0602
0806
0708
30
0610
0810
0810
0610
0610
0810
0810
0610
0610
0610
0610
0610
0610
0810
0810
0810
0810
0810
0810
0810
0810
0810
0810
0810
0810
090410
0602
0810
0810
0610
0610
0810
0810
0810
0810
0810
0610
0810
0810
0610
0810
0810
0610
0810
0610
0610
0810
090703
0702
0107
090210
0610
091010
0708
30
08
02
02
0708
0708
02
02
0908
08
02
0806
0708
08
0708
0806
02
0908
02
02
02
0708
0806
0806
08
02
0908
02
0908
02
0708
02
0908
02
0806
08
0908
02
02
02
02
02
02
08
02
08
02
02
02
02
02
02
0908
02
02
08
02
02
08
02
08
02
0908
02
08
0308
0602
0602
0406
02
02
0806
0708
0908
0708
0908
0708
0708
0708
0708
02
0708
0806
02
02
02
02
0708
0708
0708
0908
0708
0908
0708
0708
02
02
0908
02
0708
0708
0908
0708
0908
08
0708
02
02
02
0806
02
0708
0708
0605
0905
0610
0406
0610
0708
30
0904
0708
0904
0806
0904
0904
08
0904
0806
0806
0708
0806
0806
0806
0806
0806
0806
0708
0806
08
0806
0708
0806
0806
0806
08
0806
0806
0806
08
0806
0806
0806
0806
0806
0806
0806
0806
0806
08
08
0806
0806
08
090410
0602
0806
0708
0708
0806
0708
0806
08
0806
0806
0806
0806
0806
0708
0708
08
0806
0806
08
0806
0806
0806
08
0806
0806
0806
08
08
0806
0806
0806
08
0806
0904
0910
0804
0510
0806
090810
0604
30
06
06
0708
06
06
0904
0904
06
06
06
06
0904
0904
0708
06
0904
0904
0602
06
06
06
06
06
0602
0708
06
06
06
0904
0602
06
06
06
06
06
06
06
06
06
06
06
06
06
06
06
06
0904
06
06
06
06
06
06
06
06
06
06
06
06
06
06
06
06
06
06
06
06
06
06
06
06
06
06
06
06
06
06
06
06
06
06
06
06
06
0904
06
06
06
06
06
06
06
0308
0308
0806
06
06
06
06
0708
06
0708
0904
0708
0904
06
06
06
06
06
06
0602
06
06
0708
06
06
0602
0708
06
06
06
0708
0602
0602
06
06
06
06
06
06
06
06
06
06
06
0602
06
06
0904
06
0602
0904
06
06
06
06
06
06
0708
06
06
06
0602
090604
0608
0705
0103
0602
0708
30
0806
0708
0708
0708
0708
0806
0708
0708
0708
0708
0708
0406
0708
0708
0406
0708
0708
0708
090410
0610
0708
0708
0708
0708
0708
0708
0708
0708
0708
0708
0708
0708
0708
0708
0708
0708
0708
0708
0708
0708
0708
0708
090901
0606
091010
0609
0708
090810
0406
30
09
04
04
0908
0908
04
0908
04
0908
0708
0708
04
0908
0908
04
0908
04
0908
04
0908
04
04
0708
04
0908
0708
04
04
04
04
0708
04
04
04
09
0908
04
04
04
04
04
0908
09
04
04
04
04
0908
04
04
04
04
09
08
04
04
04
09
04
0602
0602
0308
0308
0602
0610
04
04
0908
0708
04
0708
04
04
09
0708
04
0708
04
0908
09
09
0708
0708
0708
04
04
0908
0908
04
04
0708
04
04
04
0708
0708
0908
0708
0708
04
04
0708
09
04
04
04
04
04
04
04
04
06
0908
04
0708
0708
04
04
09
04
04
04
0908
04
04
04
0708
04
0908
04
04
04
04
0908
04
01
0609
0410
0205
09
0602
0602
0708
30
0602
08
08
08
02
02
02
08
08
02
0806
0806
0806
02
08
08
08
0806
09
0806
02
09
09
02
02
02
09
02
02
02
09
09
09
02
0210
090410
0610
09
0806
0602
0904
0806
0806
0806
0806
0406
02
09
02
09
0806
0806
02
0904
0806
0602
0806
0806
0806
0806
0806
0806
02
0806
0806
0806
0806
02
02
02
0806
02
02
0910
0806
02
09
02
090803
0604
0404
0305
09
0210
0210
0210
0210
0406
30
0602
0602
0704
0806
0806
0904
0602
0708
0806
0806
0806
0806
0602
0806
0602
0708
0904
0806
0806
0806
0806
0806
0806
0806
0806
0806
0806
0806
0904
0806
0806
0806
0904
0806
0806
0806
0904
0806
0806
0806
0806
0806
0904
0806
090308
0708
0806
0806
0406
0602
0602
0602
0708
0708
0708
0708
0904
0602
0602
0806
0708
0708
0806
0708
0708
06
02
06
30
09
09
09
02
02
02
09
09
09
09
0904
09
0708
02
09
02
09
02
09
09
02
0708
02
02
09
09
02
02
02
02
02
0904
09
0904
02
02
02
09
02
09
09
02
02
09
02
09
02
09
09
09
09
09
02
02
09
09
09
09
09
09
09
09
09
09
09
09
09
09
09
09
09
091010
0602
09
09
02
02
0406
0406
0406
02
02
09
0904
09
02
02
0708
02
02
02
02
02
02
02
02
0904
02
0708
02
02
02
02
02
02
02
02
02
02
02
02
02
02
09
02
02
02
0904
02
02
0904
02
0904
09
02
0904
02
09
02
0904
0904
02
02
02
09
02
02
0904
02
09
02
0904
02
02
02
02
02
02
09
080906
0705
091004
090307
0406
0602
0602
0708
30
090810
0904
0708
0708
0806
0806
0806
0904
0904
0904
0904
0904
0904
0904
0904
0904
0904
090810
0708
0708
0708
0806
0806
0806
0406
0904
0210
0806
0806
0708
0806
0602
0806
0806
0806
0806
0806
0806
0904
0904
0806
0904
0806
0806
0904
0904
0904
0806
0904
0904
0904
0806
0601
0608
0610
0801
0602
090410
090810
090810
30
091010
091010
090810
0406
091010
090306
091010
091010
0510
091010
091010
091010
080304
090907
090702
0107
0910
0910
0910
0310
090810
30
080702
080702
0510
07
0810
091010
0710
0804
0604
0604
0310
0210
0309
090605
0710
081010
080510
080510
0105
0610
0810
30
071010
091010
071010
080510
081010
081010
090510
090510
090510
090510
0810
0702
0810
0810
30