742532222275
7404050875
74040503757404050775
740405087574040404757404040975
74040509757404050775740404047574040410757404050275
74040409757404050775
740406027574040601757404040975740405077574040404757404041075
7411222275
7404060175740404037574040503757404050275
74040602757404040675
7411222275
740406027574040409757404040675740404037574040404757404050475
7404060275740404107574040404757404040675
740406027574040601757404040975740404037574040404757404050675
740404077574040409757404050775
7404050875
7404060275740405047574040503757404040575
740405037574040502757404040575
7404050875
74040509757404050775740404047574040410757404050275
74040409757404050175
74040601757404050975740404037574040404757404041075
7404040975740405087574040505757404050275
7404050875
740404077574040410757404060375
7404060275740406017574040406757404050275
74040601757404051075
7404040875740404097574040403757404050875740405037574040603757404040575
740404097574040508757404050275
74040601757404050375
740404077574040410757404060375
74040407757404050775
740404097574040505757404050175
74040409757404050175
74040602757404040975740405087574040503757404050275
7404040875740406027574040506757404060375
7404050875
74040510757404040675
740404087574040602757404040975740405107574040404757404060375
740405107574040509757404040475740404107574040503757404050275
7404060275740406017574040403757404050475
7404060275740404097574040403757404050775
7404060275740404097574040502757404050175
7404060275740404067574040404757404041075
7404060275740404097574040406757404050675
7404040775740406027574040505757404060375
7404060275740406017574040409757404040375740404047574040506757404050475
7404050575
74040602757404040675
74040602757404040975740404037574040508757404050375
740406027574040406757404040475
740404097574040508757404050375
7404050875
7404060175740404037574040503757404050275
7404050175
7404050275
740405107574040505757404050375
74040409757404050875
74040508757404050275
74040602757404040975740404037574040507757404050275
740406027574040409757404040675740404047574040506757404050275
740406037574040407757404050875
740404097574040508757404050275
7404060275740406017574040406757404050575
74040602757404060175740404097574040404757404050675
7404040975740405087574040502757404050175
740406027574040406757404041075
74040408757404040975740404037574040507757404060375
74040408757404060275740406017574040406757404050575740405027574040501757404060375
74040602757404050175
740406027574040409757404040375740405087574040404757404050275
74040407757404050575740405037574040603757404040575
74040403757404050475
740404077574040409757404050775
7404050975740404047574040410757404050275
7404060275740406017574040507757404050575
7404050775740405037574040502757404040575
7404050875
740406027574040601757404050675
74040602757404040675740405097574040404757404050575
740404087574040602757404040975740404047574040506757404060375
74040510757404040775
740406027574040409757404051075740404037574040404757404050575
74040407757404050975740404047574040410757404060375
740406027574040409757404040375740405087574040503757404050275
7404060275740406017574040409757404050775
7404060275740404097574040508757404050575
7404060275740406017574040406757404050175
740406027574040409757404050675
740406027574040601757404040975740404047574040503757404050175
7404040975740405087574040506757404050275
740404097574040403757404050875
740404097574040508757404050375
74040602757404040675
74040602757404040675
74040602757404040675
74040602757404040675
74040602757404040675
7404050175
7404050175
74040508757404040575
740405097574040404757404041075
740404087574040602757404040675740404047574040410757404060375
740404047574040410757404060375
7404040775740404087574040602757404060375
74040409757404050775
740406027574040601757404040675740404037574040508757404050275
7411222275
74040409757404050775
74040407757404050975740404047574040603757404060375
74040602757404040975740405077574040505757404040575
7404040875740406027574040404757404060375
74040505757404050175
74040602757404040675
74040503757404040975
74040409757404040675740404047574040505757404050175
740404087574040602757404040675740405097574040404757404060375
7404060275740404097574040508757404050275
7404060275740404097574040403757404050875740404047574040506757404050275
74040407757404060375
740406027574040505757404050175
74040409757404050775740405037574040502757404040575
74040510757404040975
74040602757404050475
7404050175
74040602757404040675740405067574040505757404050275
740406027574040409757404051075740404067574040404757404050675
7404050875
7404050875
74040407757404040975740405087574040502757404060375
7404060175740404097574040508757404050375
74040502757404050175
740406027574040409757404050875740405057574040502757404040575
740406027574040507757404050275
7404060275740404097574040508757404050175
740405037574040501757404040575
74040408757404060275740404097574040403757404060375
740405097574040404757404041075
7404040975740404037574040508757404050175
74040407757404060275740404067574040504757404060375
740404077574040404757404060375
740406027574040601757404040375740405077574040404757404050675
7404060175
7404060275740404097574040508757404050275
74040602757404040975740404037574040508757404050275
740406027574040601757404040475
74040404757404050175
740405027574040602757404050475
7404060275740406017574040409757404040375740405087574040507757404040475
740404087574040602757404060375
7404050975740404107574040505757404060375
740404047574040410757404050275
7404060275740404067574040509757404040375
740404097574040509757404041075
7404040875740406027574040409757404040375740405087574040404757404060375
740405097574040404757404041075
74040502757404050175
74040602757404060175740404037574040506757404050475
740406027574040510757404050575
7404060175740404097574040508757404050475
74040602757404040975740405087574040506757404050575
7404040975740405087574040505757404050175
740404077574040507757404050175
74040409757404050775
74040602757404040675740404037574040506757404050575
74040505757404060175
7404051075740405097574040404757404041075
7404060275740404097574040403757404050675740405057574040503757404050175
740406027574040506757404050575
740404097574040508757404050375
74040602757404040975740405087574040404757404050175
74040410757404050575
740404097574040403757404050375
74040602757404040675740404037574040404757404050275
7404060275740404097574040508757404050375
74040602757404060175740404097574040406757404040375
74040602757404040675740404047574040506757404050275
740405107574040410757404050575
740406017574040409757404050375
7404050575740405047574040503757404050175
74040408757404060275740404097574040406757404040375740404047574040506757404060375
7404040975740405087574040507757404050275
74040507757404050275
74040601757404050475
74040408757404040675740405097574040404757404060375
740404077574040406757404060375
740404097574040508757404050475740405037574040502757404040575
740404087574040602757404060175740404097574040406757404040375740404047574040506757404060375
7404060275740404097574040507757404040475
740406027574040505757404050175
740406017574040503757404050275
740404097574040508757404050275
740405097574040404757404041075
7404050175
74040602757404040975740405107574040506757404050575
740404097574040505757404050475
74040407757404050775
74040602757404060175740405047574040503757404040575
7404060275740406017574040404757404050375
7404040775740406027574040504757404050375
740406027574040409757404040675740404047574040506757404050575
7404040475740404107574040505757404050275
74040408757404040975740405077574040404757404060375
7404060275740404097574040510757404040475
74040602757404040975740405087574040503757404050175
74040409757404050175
740406027574040409757404050375
740406027574040601757404040975740404047574040506757404050175
740404077574040504757404060375
74040407757404060175740404107574040505757404060375
74040602757404040975740405077574040505757404050175
7404051075
7404040975740405087574040503757404040575
740404097574040507757404050175
7404060275740406017574040505757404050475
7404050975740404047574040410757404050175
7404040875740406027574040601757404040675740404047574040506757404060375
74040602757404050875740405067574040504757404050275
740404097574040410757404050175
74040505757404050175
740406027574040601757404050375
74040410757404050275
7404050275
7404060275740404097574040510757404050775
740404097574040507757404050275
74040507757404050275
74040602757404040375
74040602757404050875740405037574040502757404040575
74040602757404040675740405067574040505757404050275
74040409757404050175
740405057574040503757404040575
74040602757404060175740404097574040505757404050375
740406017574040504757404050175
740404077574040504757404060375
740404097574040508757404050275
7404051075740405057574040503757404040575
74040602757404040975740404037574040506757404050375
7404060275740406017574040510757404040675740405097574040404757404050675
740406027574040409757404050775740404047574040506757404050575
740405087574040410757404050175
7404060275
74040602757404040975740404037574040507757404050275
74040602757404040975740405107574040404757404050675
74040601757404040575
7404060275740404097574040406757404050675
740404097574040406757404050675
74040602757404040975740404047574040503757404050175
74040510757404040475
740404077574040601757404060375
740404097574040508757404050575
74040508757404050375
7404050875
74040602757404050575
740404087574040504757404060375
740406027574040404757404050275
74040601757404050375
7404060275740406017574040409757404050375
74040602757404040675740405057574040503757404040575
7404040975740405087574040503757404050175
7404040975740405077574040404757404050275
740406017574040503757404050175
74040509757404050875740405067574040410757404050575
7404050575
74040602757404040975740404067574040506757404050575
74040602757404050675740405057574040502757404040575
740404067574040506757404050175
74040601757404050475
740406027574040404757404050675
740404097574040403757404050575
740406027574040601757404050475
740406027574040409757404040375740405057574040503757404040575
7404050975740405077574040410757404050275
740406017574040409757404050175
740406027574040409757404040375740405087574040404757404050175
740404097574040504757404050175
74040602757404050575740405037574040502757404040575
740406017574040409757404050375
740406017574040507757404050175
740404097574040508757404050375
740406027574040409757404040375740404047574040506757404050275
7404060275740404097574040507757404050675
74040507757404050275
7404060275740404097574040504757404050175
740406027574040406757404050675740405037574040502757404040575
74040409757404050175
74040601757404040975740404037574040404757404050375
7404060275740404067574040506757404050575
740406027574040403757404050475
74040602757404050175
7404060275740404067574040506757404050575
7404050175
740406027574040409757404040475
74040504757404050175
74040602757404050175
74040602757404060175740404097574040403757404050375
740406027574040406757404050275
7404041075
740404077574040505757404060375
7404060275740404097574040507757404040475
74040602757404040675
740405047574040503757404050275
740404087574040602757404060175740405067574040505757404060375
740404097574040508757404050375
7404040775740404087574040602757404040675740404037574040504757404060375
740404087574040602757404040975740404067574040507757404060375
74040408757404060275740404067574040403757404060375
7404050575
740404077574040409757404050775
740404077574040410757404060375
74040602757404040675740404047574040505757404040575
74040407757404060375
74040410757404050275
7404060275740404107574040505757404050175
74040409757404050875740405077574040506757404050375
7404040975740405087574040507757404050375
74040601757404050375
7404060175740404097574040503757404050275
74040601757404050375
740406017574040403757404050375
74040409757404050775
740406027574040409757404050775
7404040775740404087574040602757404060375
7404050575
740404097574040508757404050375
74040407757404060375
7404040975740404037574040508757404050375
740406027574040505757404050275
7404060275740404097574040406757404040375
74040602757404040975740404037574040507757404050275
740405097574040404757404041075
740404077574040403757404060375
7404060275740404097574040406757404040475
740406027574040406757404050575740405037574040502757404040575
7404060275740404067574040506757404050575
740406027574040406757404050575
740404087574040602757404060375
74040407757404060375
7404060275740404067574040509757404050275
7404060275740404067574040506757404050275
74040602757404040675
74040410757404050275
7404040775
7404060275740405067574040505757404060375
74040409757404050775
74040408757404060275740405047574040503757404060375
740404087574040602757404060375
7404050975740404047574040410757404050275
7404040475
740405097574040410757404050575
74040407757404050175
740404077574040505757404040575
7404060275740405067574040505757404050175
7404060275
740406027574040506757404050575
74040602757404050675
740406027574040406757404041075740405057574040503757404040575
74040602757404040975740404067574040403757404041075
74040410757404050275
74040406757404041075
74040602757404040675
740406027574040409757404040475740405057574040503757404050175
74040407757404040975740404037574040503757404060375
7404060275740405057574040503757404050175
74040407757404060375
740404097574040507757404050375
74040602757404050575
740404097574040507757404050275
74040602757404040675740404037574040507757404040475
740404077574040410757404060375
740406027574040409757404040675
7404060275740405057574040503757404050175
740404077574040603757404040575
74040602757404040675740404037574040506757404050575
740406027574040410757404050575
7404060275740404097574040406757404050675
7404060275740404067574040403757404050275
740404087574040602757404040975740404067574040404757404060375
74040410757404050275
74040410757404050575
740404077574040602757404060375
7404050275
7404060275740404097574040507757404040475
740406027574040409757404050875740405077574040404757404050375
7404040975740405097574040507757404050275
740405097574040404757404041075
74040602757404050175
740404087574040602757404040475740405037574040501757404060375
74040407757404050175
74040602757404040975740405077574040404757404050675
74040509757404050775740404047574040410757404050275
740406027574040409757404040375740405077574040503757404050275
740406027574040506757404050275
74040602757404040375740405047574040503757404050275
740405077574040404757404050275
740405097574040410757404050275
7404060275740406017574040503757404050275
74040407757404060275740404097574040507757404040475
7404060275740404067574040410757404050175
74040408757404060275740405057574040603757404040575
740404087574040602757404040675740404037574040507757404060375
740406027574040406757404040375
7404060275740404097574040508757404050275
7404040875740406027574040505757404060375
740405057574040503757404050175
740405097574040505757404050275
740404097574040507757404050175
74040407757404060275740404067574040403757404060375
74040602757404050475
74040602757404040675
7404040775740405107574040410757404060375
74040408757404060275740404067574040403757404060375
74040404757404050575
74040510757404050575
74040408757404060275740404037574040404757404060375
74040602757404050575
7404060275740405057574040503757404040575
740404047574040410757404050175
74040602757404040375
74040408757404060275740404097574040507757404060375
740406027574040409757404050775
740404077574040507757404060375
74040404757404050175
74040407757404040975740405077574040404757404050275
74040602757404040675740405097574040404757404050275
74040506757404050275
7404040775740404087574040602757404060375
740404097574040507757404050575
74040602757404040675
7404050975740404047574040410757404050275
7404060275740404067574040506757404050575
74040407757404060375
74040505757404050375
740405097574040507757404041075740405057574040503757404050275
7404040775740404097574040410757404050175
7404040875740406027574040403757404060375
7404060275740404067574040506757404050275
74040408757404060275740404067574040506757404050275
74040410757404050175
740406027574040406757404050675
740405107574040404757404041075
7404060175740405057574040504757404050375
7404050975740404107574040505757404050275
74040602757404040675740405067574040505757404050375
740406027574040505757404050275
740404087574040602757404060375
740404097574040507757404041075
7404060275740404067574040505757404050475
74040602757404040675
740406027574040409757404050775
7404060275
74040407757404060375
74040407757404060275740405057574040503757404040575
740405077574040410757404050175
7404040775740404087574040602757404060375
74040408757404060275740405087574040502757404060375
74040602757404050775
74040508757404050275
74040408757404060275740405047574040503757404060375
7404040775740404047574040410757404060375
7404040975740405087574040507757404050275
740406027574040409757404040675740405067574040505757404050375
740404077574040404757404060375
7404040975740405087574040502757404050175
7404040775740404097574040507757404040475740405057574040503757404060375
74040408757404060275740406017574040403757404050575740405047574040503757404060375
7404040875740406027574040506757404060375
7404060275740406017574040409757404050375
7404040875740406027574040601757404060375
740404087574040602757404060175740404097574040404757404060375
74040406757404050575
74040409757404050175
7404050475
7404050975740404047574040410757404050275
7404040975740404037574040506757404050175
74040407757404060375
7404060275740405057574040504757404050275
740404097574040507757404050175
74040408757404060275740406017574040504757404060375
740404087574040504757404060375
7404060275740406017574040403757404050475
74040602757404050475
7404040375740405057574040504757404050275
740406027574040409757404050775740404047574040504757404050275
74040602757404040975740405077574040404757404050475
7404060275740404097574040403757404040475740405047574040503757404040575
7404050475
74040602757404060175740404097574040403757404050475
740406027574040601757404050475
740406027574040601757404050475
74040504757404040975
7404050975740404047574040410757404050575
7404050975740404047574040410757404050575
7404050975740404047574040410757404050175
7404040675740405097574040404757404050175
7404050975740404047574040410757404050175
740405097574040404757404041075
7404040775740406027574040409757404040675740405097574040404757404060375
740406027574040409757404040675740405097574040404757404050175
74040409757404050175
7404060275740404097574040504757404050175
740406027574040409757404040675740404037574040506757404050175
7404050175
740404097574040406757404050175
740406027574040404757404050175
74040602757404050175
740406017574040406757404050575
740406027574040601757404050575
740404077574040601757404050575
74040602757404040975740404067574040403757404040475740405067574040505757404050275
74040409757404050575
740406027574040409757404040375740404047574040505757404050175
740406017574040505757404050175
740406027574040406757404050575
74040507757404050275
74040507757404050275
74040408757404060175740405037574040501757404060375
74040601757404040975740404037574040404757404050175
7404060275740405037574040502757404050175
74040601757404050375
7404060275740406017574040409757404050375
7404060175740404097574040503757404050275
740404077574040601757404050375
7404060175740404097574040503757404050275
740406017574040409757404050775
74040601757404050375
7404050575
7404051075
7404060275740404097574040403757404050475
74040507757404050275
740405097574040410757404050275
7404050975740404047574040410757404050175
7404060175740404097574040406757404040475
74040602757404060175740404097574040507757404040475
740406027574040409757404040675740405067574040502757404050175
740406017574040409757404050375
74040407757404060175740405087574040410757404060375
7404060175740404097574040507757404050175
740406027574040510757404050175
740406027574040601757404040975740404037574040503757404050275
740406027574040403757404050475
74040406757404050575
740406027574040409757404050575
740404087574040602757404060175740404097574040404757404060375
74040409757404050175
7404041075
7404060275740404097574040406757404040375740405077574040506757404050275
7404060275740404067574040509757404040475
740406017574040409757404050375
7404060275740406017574040403757404050375
740406017574040409757404050375
74040503757404050175
74040507757404050275
74040602757404040975740404047574040506757404050175
740405097574040410757404050275
740404097574040507757404050275
740404097574040504757404050175
7404050475
7404060275740404097574040404757404050175
7404051075
7404050175
74040409757404050175
740404077574040602757404051075740404067574040404757404060375
74040408757404060275740406017574040409757404040675740404037574040404757404060375
7404060275740404097574040406757404050675
74040601757404050475
74040406757404050575
74040408757404060275740406017574040406757404060375
74040602757404060175740404097574040403757404050875
74040601757404050375
7404060275740405077574040404757404050275
7404060275740404097574040510757404040475
7404060175740404097574040508757404050375
7404060275740404067574040509757404040475
740404097574040507757404041075
740406017574040409757404050375
74040410757404050275
74040602757404040675740405077574040404757404041075
7404050475
74040410757404050175
7404060275740405097574040410757404060375
740404087574040409757404040375740404047574040504757404060375
74040408757404060275740406017574040506757404060375
74040409757404050775
7404051075
7404051075
74040503757404050175
74040602757404040975740404067574040506757404050575
740405097574040404757404041075
74040602757404040675740405077574040506757404050275
7404060275740406017574040406757404050675
74040602757404040975740404037574040507757404040475
7404060275740404067574040509757404040475
7404040775740405097574040410757404050275
740405087574040410757404050275
74040602757404040975740404037574040507757404050275
7404050175
74040409757404050775
7404050975740404107574040503757404050275
74040407757404060175740404097574040503757404050275
74040601757404040975740404037574040505757404050175
7404060275740406017574040403757404050775
740405097574040404757404041075
7404050175
740405097574040410757404050275
740404097574040507757404050175
74040408757404060275740405097574040404757404060375
74040601757404041075
74040510757404050175
740404087574040602757404040675740404037574040404757404060375
74040409757404050975740404047574040410757404050275
74040409757404050175
7404050975740404047574040410757404050175
74040409757404050975740405077574040404757404050275
7404040675740405097574040404757404050275
74040409757404050575
7404060175740405057574040503757404050175
7404050975740404047574040410757404050275
740406027574040601757404050575
740405097574040410757404050275
74040601757404050175
74040510757404041075
74040601757404050375
740404087574040602757404040675740405097574040404757404060375
74040602757404040975740404067574040403757404040475
74040602757404060175740404067574040504757404050275
740406027574040409757404050175
740406017574040406757404050175
74040601757404050475
7404060275740406017574040506757404050275
740404087574040602757404060175740404037574040404757404060375
740404097574040508757404050275
25322222
25322222
25322222
25322222
25322222
25322222
25322222
25322222
25322222
25322222
25322222
25322222
25322222
25322222
25322222
25322222
25322222
25322222
25322222
25322222
25322222
25322222
25322222
25322222
25322222
25322222
25322222
25322222
25322222
25322222
25322222
25322222
25322222
25322222
25322222
25322222
25322222
25322222
25322222
25322222
25322222
25322222
25322222
25322222
25322222
25322222
25322222
25322222
25322222
25322222
25322222
25322222
25322222
25322222
25322222
25322222
25322222
25322222
25322222
25322222
25322222
25322222
25322222
25322222
25322222
25322222
25322222
25322222
25322222
25322222
25322222
25322222
25322222
25322222
25322222
25322222
25322222
25322222
25322222
25322222
25322222
25322222
25322222
25322222
25322222
25322222
25322222
25322222
25322222
25322222
25322222
7411222275
25322222