74080875740407757409030975
74090275740807757407047574060175740503757405027574031075740110757401097574090903757409080375740908027574090209757408090875740808037574080706757408050975740909027574080307757409040975740904107574080875740806017574040575740807017574071008757409020475
740906067574070875740706757409060775740908017574080409757404071075740605047574060408757405040375740501077574040875740802757409070875
7407060275740905107574070303757407020675740701067574061006757406080275740607087574060308757406011075740508057574050801757405010875
740107757401067574010575740104757401037574060275740708047574070707757409040675740707067574070702757407070175740706037574070508757408010175740705017574070403757407040175740704087574090508757408080475740703067574090907757406101075740610027574060807757406080375740607057574060704757406070275740606077574060601757406040175740506047574050401757405030875740503047574050109757404090775
740710757409090975740902067574071009757407091075740708097574070806757407071075740706057574070402757406100875740604097574051003757405070575740504087574041002757404080875
740802757407067574060175740503757409070875740906067574080908757408080375740909027574080307757408087574090410757406040875
7407107574070910757407080975740708067574070710757407070475740806757407060575740801037574090801757407040975740704027574061008757409090975740608057574060510757406050775740605067574060502757406040975740710097574060104757405070575740504097574050408757405040475740410027574040808757409020675
74090975740907757405017574040675740305757402067574091004757409060975740905087574090506757409040675740903077574090305757409030475740902027574080904757408090375740808047574080802757408061075740803017574080201757408010575740801017574071005757407080475740708037574070802757407070975740707077574070702757407060875740705087574070507757407050175740704057574070403757407040175740703107574070308757407030575740702057574070108757406100975740610037574061002757406090675740609057574060903757406080675740608017574060704757406070275740606087574060607757406060675740606017574060505757406030575740508037574050707757405070375740506087574050605757405040175740501097574041010757404080275
7407050775
74041075740904027574090106757408070275740806067574080406757408021075740802077574080204757407050975740705067574070202757407010975740604057574050508757405040775
74040875740908017574090607757408040975740605047574050403757405010775740407107574080275
740806757407107574070275740605757403097574020975740207757409100775740910017574090909757409090475740909017574090704757409070175740906107574090206757409020575740810027574081001757408070775740806027574080103757407100975740710077574070910757407080975740708067574070710757407070575740707047574070609757407060575740704097574070407757407030975740703047574070301757407020475740701027574061008757406100475740610017574060910757406090775740608107574060805757406071075740607067574060510757406050775740605067574060502757406040975740604077574060403757406040275740603067574060104757405100375740509057574050705757405040975740504087574050404757405020975740410057574041002757404080875
7407057574060675740410757402107574090805757409080475740904027574090106757408070275740806067574080406757408021075740802077574070509757407050675740702027574070109757406041075740604057574050508757405040775
74011075
740905037574081010757409090275
7409090375740902097574071008757409090275740808037574090409757409020475
740806757406057574091007757409090475740909017574090704757409070175740906107574090205757408100275740807077574080103757407070575740707047574070609757407040975740704077574070309757407030475740703017574070204757407010275740610047574061001757406091075740609077574060810757406080575740607107574060706757406051075740605077574060506757406050275740604077574060306757405100375740509057574050705757405040975740504047574050209757404080875
740806757406057574091007757409090475740909017574090704757409070175740906107574090205757408100275740807077574080103757407070575740707047574070609757407040975740704077574070309757407030475740703017574070204757407010275740610047574061001757406091075740609077574060810757406080575740607107574060706757406051075740605077574060506757406050275740604077574060306757405090575740504097574050404757405020975
74080775740802757407067574060175740503757405027574040875740310757401107574010975740909037574090803757409080175740907087574090607757409060675740902097574080908757408080375740807067574080409757406050475740504037574050107757404071075740710087574090409757409041075740604087574080875740806017574040575740807017574080307757409090275
740908057574090804757406041075
74071075740902067574070402757406100875740604097574051003757405070575740504097574050404757404080875
7409060675740907087574010975
740575
7408027574070675740408757409080175740907087574090607757409060675740804097574060504757405040375740501077574040710757406040875
7407057574060675740302757402107574090902757409080575740908047574090410757408060575740804037574060410757406040575740505087574050201757409010675
7405080475740503107574041003757404081075
7408070275
740903757409017574090109757407101075740702107574070107757406050175740509067574050509757405020275
74080503757408031075740803057574071001757407070875740602067574080710757406090575740701027574070309757408070575
7409060775740804097574060504757404071075
7407017574060775740404757401077574010675740105757401047574010375740910097574090907757408010475740707067574070701757407060475740706037574070505757407050475740705037574070502757407030775740703067574070303757407030275740701037574061010757406080775740608037574060705757406060375740604017574060110757405080575740506067574050604757405030875740503047574041009757404090775
7404107574080702757408021075740705097574070202757407010975
7402087574090303757408090975740607017574050502757405020675
740609757409100575740808067574080609757408050675740706077574070406757407020975740702087574070207757407011075740701047574060605757405080775740505067574050106757404090675
740904027574080606757408020775740802047574070506757405040775
7408050375740707087574080207757406020675
74090275
7404107574090402757408070275740806067574080210757408020775740802047574070509757407050675740702027574070109757405040775
74070775740908067574060809757406010275740505057574050503757404090975
7409040575740807107574080407757408040275740710047574060909757406080475740607097574050405757405020475
74060102757409080675
7409010975740710107574070210757407010775740605017574050906757405050975
7407017574060775740602757404047574010775740106757401057574010475740103757409100975740909077574080809757408010475740707067574070701757407060475740706037574070505757407050475740705037574070502757407030775740703067574070303757407030275740701037574061010757406080775740608037574060705757406060375740604017574060110757406010875740601057574050805757405060675740506047574050308757405030475740410097574040907757404090475
740802757407067574060175740503757404087574090903757409080175740907087574090607757409060675740902097574080908757408080375740804097574060504757405040375740501077574040710757409090275740803077574080875740604087574090409757407100875
74090875740701757406077574060275740510757404047574010775740106757401057574010475740103757409100975740909077574090703757408100975740808097574080104757407090975740707067574070701757407060375740703067574061010757406080775740608037574060705757406040175740506047574050304757404090775
74057574060975740205757409100575740808067574080609757408050675740801027574070907757407090675740709017574070810757407060775740704067574070404757407020975740702087574070207757407011075740701047574060901757406080875740606057574050807757405070875740505067574050208757405010675740501047574040906757404080775
7408027574070675740601757405037574040875740909037574090801757409070875740906077574090606757408090875740808037574080409757406050475740504037574050107757404071075740909027574090409757408030775740604087574090410757407100875
740805077574080203757406060475740603097574060302757406021075740602097574060207757406020675740602047574060203757406020275740505047574050303757405021075
7408050775740804017574080203757406060475740605037574060309757406030375740603027574060210757406020975740602087574060207757406020675740602047574060203757406020275740507017574050504757405040675740503037574050210757404080675
74030875740901017574080507757408040175740802087574080203757406061075740606047574060503757406040675740603097574060303757406030275740602107574060209757406020875740602077574060206757406020475740602037574060202757405070175740505047574050406757405030375740502107574040806757404080375
740802757407067574060175740503757404087574090903757409080175740907087574090607757409060675740902097574080908757408080375740804097574060504757405040375740501077574040710757409040975740803077574060408757409041075740808757407100875
7405100875
74090806757406010275
7407077574090806757406100575740608097574060102757405071075740505057574050503757404090975
740707757406087574090806757408100575740809027574061005757406080975740601027574050710757405050575740505037574041006757404090975
7409090375740902097574090204757409040975
7408027574070675740601757405037574040875740909037574090801757409070875740906077574090606757409020975740809087574080803757408040975740605047574050403757405010775740407107574090409757408030775740604087574090410757408087574071008757409090275
740102757401017574090908757409081075740907097574090702757409060475740904087574090301757409020175740901077574081003757408091075740809077574080901757408080175740806047574080405757408030875740803037574080206757408011075740801087574080107757407040875740702037574061007757406090475740607077574060703757406050875740603107574060307757406010775740601067574060103757405101075740510097574051008757405100775740510067574050904757405070475740506077574050501757405041075740503027574050105757404100875740409017574040805757404080475
740701757406077574060275740404757401077574010675740105757401047574010375740910097574090907757408010475740707067574070604757407060375740705057574070504757407050375740705027574070307757407030675740703037574070302757407010375740610107574060807757406080375740607057574060603757406040175740601107574050805757405060475740503087574041009757404090775
7403057574090508757409040675740903057574090202757408080475740806107574080301757408010175740708047574070707757407050775740703087574070305757406100975740610037574060906757406090575740609037574060806757406080175740607047574060702757406060875740606077574060601757406050575740603057574050803757405070375740504017574050109757404101075
7406037574090405757408090675740807107574080508757408040775740804027574071004757406090975740608047574060709757405100275740506107574050405757405020475
74060375740904057574080906757408071075740804077574080402757407100475740609097574060804757406070975740506107574050405757405020475
7408087574050908757408030775
7408100975740808097574070909757405070975740410047574041001757404090475
74060975740205757409100575740808067574080609757408050675740706077574070406757407020975740702087574070207757407011075740701047574060808757406060575740508077574050708757405050675740501067574040906757404080775
740708757409090575740901057574080408757407090875740510017574050909757405010175
7407087574090905757409010575740804087574070908757405100175740509107574050909757405010175
7406757409037574090175740505757409070775740902087574090109757408080875740808057574071010757407061075740702107574070107757406050175740509077574050906757405080275740505097574050305757405020275
7406757409037574090175740505757409070775740902087574080808757408080575740802097574070610757405090775740508027574050305757405020275
7409091075740806077574060509757409080975
74070575740606757404107574021075740904027574090106757408070275740806067574080406757408021075740802077574080204757407050975740705067574070202757407010975740604057574050508757405040775
7402017574090403757408100675740805047574080502757408041075740708077574050903757405051075740502057574040905757409071075
7408050375740803107574080305757407100175740707087574070510757406050975
740801757409060875740906057574080205757408010675740709057574070902757407010575740509027574050806757405070675740507027574050402757405010275
740575740609757402057574091005757409100275740904077574080807757408080675740806097574080506757408010275740710067574070907757407090675740709017574070810757407060775740704067574070404757407020975740702087574070207757407011075740701047574060901757406080875740606057574060304757405080775740507087574050506757405030775740502087574050110757405010675740501047574040906757404080775
7405090375
7405757406097574091005757409100275740904077574080806757408060975740801027574071006757407090775740709067574070901757407081075740706077574070208757407020775740701107574060901757406060575740508077574040906757404080775
7409051075740905097574090505757409010875740809057574080309757407070375740706027574070206757407020175740701067574061006757406080275740607087574060609757406030875740601097574050801757405050775740503017574050203757405010875740501037574041007757404090275
740806757406057574091007757409090475740909017574090704757409070175740906107574090205757408100275740807077574080103757407070575740707047574070609757407040975740704077574070309757407030475740703017574070204757407010275740610047574061001757406091075740609077574060810757406080575740607107574060706757406051075740605077574060506757406050275740604077574060306757405090575740504097574050404757405020975
740610757403087574090207757409010175740805077574080401757408020875740802037574070606757406061075740606047574060503757406040675740603097574060303757406030275740603017574060210757406020975740602087574060207757406020675740602057574060204757406020375740602027574060201757405070175740505047574050406757405030375740502107574040806757404080375
740603757409040575740809067574080710757408050875740804077574080402757407100475740708087574060909757406080475740607097574051002757405061075740506097574050405757405020475
740805037574080310757408030575740710017574070708757407051075740605097574080207757408040675740609057574080710757409037574060206757407010275740703097574080705757407050575
740903757409017574050575740907077574090208757409010975740808087574071010757407061075740702107574070107757406050175740509077574050906757405080275740505097574050305757405020275
7408060775740805037574080310757408030575740710017574070708757407051075740605097574080207757408040675740609057574080710757409037574060206757407010275740703097574080705757407050575
740708017574070604757407060375740702067574060907757406090475740608097574060808757406080775740608027574060502757406040975740603087574060110757406010975740601087574060107757406010675740601057574060104757406010375740507107574050604757405030875740502037574050109757404100975740410057574041002757404100175740409097574040908757404090775740408087574040709757409020675740904047574090904757408090575740807037574030675740510757409070375740905097574091007757409061075740906047574090909757407017574080603757409010875740675740901757409100975
7408017574090608757409060575740901107574090102757408081075740805057574080304757408020575740801067574070905757407090475740709037574070902757407010575740604047574050902757405090175740508107574050809757405080875740508067574050706757405070275740506027574050601757405040275740503067574050102757404080975
74090806757406010275
7407077574090806757406080975740601027574050503757404090975
740601757405037574080908757408030775740808757409041075
7403027574090410757405020175
740908067574060809757406010275
740701757406077574060275740404757401077574010675740105757401047574010375740909077574081009757408080975740801047574070909757407070675740707017574070604757407060375740705057574070504757407050375740705027574070307757407030675740703037574070302757407010375740610107574060807757406080375740607057574060603757406040175740601107574060108757405080575740507097574050606757405060475740503087574050304757404100975740410047574041001757404090775740409047574090606757407100775
74070575740606757404107574030275740210757409090275740908057574090804757409050375740904107574090402757409010675740810107574080702757408060675740806057574080406757408040375740802107574080207757408020475740705097574070506757407020275740701097574060410757406040575740505087574050407757405020175
7403057574090508757409040675740903057574090202757408080475740806107574080301757408010175740708047574070707757407050775740703087574070305757406100975740610037574060906757406090575740609037574060806757406080175740607047574060702757406060875740606077574060601757406050575740603057574050803757405070375740504017574050109757404101075
7408050475
7407037574050475740208757409080875740905027574090404757409030375740810077574080909757408070575740807037574080608757408060375740609087574060701757405080475740505027574050310757405020775740502067574041003757404081075
7409051075740905097574090505757409010875740809057574080309757407070375740706027574070206757407020175740701067574061006757406080275740607087574060609757406030875740601097574050801757405050775740503017574050203757405010875740501037574041007757404090275
740609757402057574091005757408080675740806097574080506757408010275740709077574070906757407090175740708107574070607757407040675740702097574070208757407020775740701107574070104757406090175740608087574060605757405080775740507087574050506757405010675740501047574040906757404080775
74090107757408090775740801087574050704757408080175
7405017574040675740305757402067574090508757409040675740903057574090202757408080475740808027574080610757408030175740801057574080101757407100575740708047574070802757407070975740707077574070702757407060875740705087574070507757407050175740704057574070403757407040175740703107574070308757407030575740702057574070108757406100975740610037574061002757406090675740609057574060903757406080675740608017574060704757406070275740606087574060607757406060675740606017574060505757406030575740508037574050707757405070375740506087574050605757405040175740501097574041010757404080275
7409010975740710107574070210757407010775740605017574050906757405050975
740575740609757402057574091005757409040775740808067574080609757408050675740801027574071006757407090775740709067574070901757407081075740706077574070406757407040475740702097574070208757407020775740701107574070104757406090175740608087574060605757406030475740508077574050708757405050675740502087574050110757405010675740501047574040906757404080775
740703757405047574020875740905027574090303757408100775740809097574080705757408060875740806037574060908757406070175740505027574050207757405020675
7407080175740706047574070603757407020675740609077574060904757406080975740608087574060807757406080275740605027574060409757406030875740601107574060109757406010875740601077574060106757406010575740601047574060103757405071075740506047574050308757405020375740501097574041009757404100575740410027574041001757404090975740409077574040808757404070975740902067574090904757408090575740807037574030675740905097574091007757409061075740906047574090909757407017574080603757409010875740901757409100975
740905087574070604757407020175740701067574061006757406080775740608027574050507757405010875740501037574041007757404090775
7407037574050475740208757409050275740903037574081007757408090975740807057574080608757408060375740609087574060701757405080475740505027574050310757405020775740502067574041003757404081075
74010275740101757409090875740908107574090709757409070575740907027574090604757409040875740903107574090301757409020175740901077574081003757408091075740809077574080901757408080175740806047574080405757408030875740803037574080206757408011075740801087574080107757407060175740704107574070408757407020375740610077574060904757406070775740607037574060508757406031075740603077574060107757406010675740601037574051010757405100975740510087574051007757405100675740509047574050704757405060775740505017574050410757405030275740501057574041008757404091075740409017574040805757404080475740201757409071075740904037574081006757408050475740805027574080410757407080775740509037574050510757405020575740409057574081075740707757406087574090806757408100575740809027574061005757406080975740601027574050710757405050575740505037574041006757404090975
740501757403057574090508757409040675740903057574090202757408080475740806107574080301757408010175740710057574070804757407070775740707027574070608757407050775740704057574070403757407040175740703107574070308757407030575740702057574061009757406100375740610027574060906757406090575740609037574060806757406080175740607047574060702757406060875740606077574060601757406050575740603057574050803757405070375740504017574050109757404101075
74041075740904027574090106757408070275740806067574080406757408021075740802077574080204757407050975740705067574070202757407010975740604057574050508757405040775740305757409050875740904067574090305757409020275740808047574080301757408010175740708047574070707757407050775740703087574070305757406100975740610037574060906757406090575740609037574060806757406080175740607047574060702757406060875740606077574060601757406050575740603057574050803757405070375740504017574050109757404101075
74080507757408020375740606047574060309757406030275740602107574060209757406020875740602077574060206757406020475740602037574060202757405070175740505047574050303757405021075
74010275740909087574090810757409070975740907027574090604757409040875740903017574090201757409010775740810037574080910757408090775740809017574080801757408060475740804057574080308757408030375740802067574080110757408010875740704087574070203757406100775740609047574060707757406070375740605087574060310757406030775740601077574060106757406010375740510107574051009757405100875740510077574051006757405090475740507047574050607757405050175740504107574050302757405010575740410087574040901757404080575
740903757409017574050575740907077574090109757408080875740710107574070610757407021075740701077574060501757405090775740509067574050509757405020275
74090275
74090575
7407037574050475740208757409050275740903037574081007757408090975740807057574080608757408060375740609087574060701757405080475740505027574050310757405020775740502067574041003757404081075