74090275740807757408027574070675740704757406017574050375740502757404087574031075740110757401097574090903757409080375740908027574090708757409060775740906067574090209757408090875740808037574080706757408050975740804097574060504757405040375740501077574040710757408030775740807017574040575740806017574080875740604087574090410757409040975740710087574090902757409020475
7408087574070875740407757409090575740903097574090105757408040875740709087574051001757405091075740509097574050908757405010175
74070908757408040875740909057574051001757405091075740509097574050908757407087574090105757405010175
7406030875
7409080175740906077574040710757406050475740504037574050107757408040975
740802757407067574060175740503757404087574090801757409070875740906077574090606757408090875740808037574080409757406050475740504037574050107757404071075740604087574090410757408087574090902757408030775
740806757407107574060575740910077574090909757409090475740909017574090704757409070175740906107574090206757409020575740810027574080707757408010375740710097574070910757407080975740708067574070710757407070575740707047574070609757407060575740704097574070407757407040275740703097574070304757407030175740702047574070102757406100875740610047574061001757406091075740609077574060810757406080575740607107574060706757406051075740605077574060506757406050275740604097574060407757406030675740510037574050905757405070575740504097574050408757405040475740502097574041002757404080875
7407100175740707087574070510757407050575740807057574090708757407030975740805037574080305757407010275740609057574080710757409037574060509757408090875740602067574090705757408080375740803107574080406757408020775
7409040675
7408040775
740605757409100775740909047574090901757409070475740907017574090610757409020575740810027574080707757408010375740707057574070704757407060975740704077574070309757407030475740703017574070204757407010275740610047574061001757406091075740609077574060810757406071075740607067574060510757406050775740603067574050905757405020975
740501757403057574090508757409040675740903057574090202757408080475740806107574080301757408010575740801017574071005757407080475740708027574070709757407070775740707027574070608757407050875740705077574070501757407040575740704037574070401757407031075740703087574070305757407020575740610097574061003757406100275740609067574060905757406090375740608067574060801757406070475740607027574060608757406060775740606017574060505757406030575740508037574050703757405040175740501097574041010757409030875
7407040275
7408020475
7409100675
740802757407067574060175740503757404087574090903757409080175740907087574090607757409060675740902097574080908757408080375740804097574060504757405040375740501077574040710757408087574090409757409041075740710087574060408757408030775
7407057574060675740410757403027574021075740908057574090804757409050375740904107574090402757409010675740810107574080702757408060675740806057574080406757408040375740802107574080207757408020475740705097574070506757407020275740701097574060410757406040575740505087574050407757405020175
740910097574060708757406030875
74060975740910057574080806757408060975740801027574070907757407090675740709017574070810757407060775740702087574070207757407011075740609017574060605757405080775740501067574040906757404080775
74040475
740806757407107574060575740910077574090904757409090175740907047574090701757409061075740902067574090205757408100275740807077574080103757407070575740707047574070609757407040975740704077574070402757407030975740703047574070301757407020475740701027574061008757406100475740610017574060910757406090775740608107574060805757406071075740607067574060510757406050775740605067574060502757406040975740604077574060306757405100375740509057574050705757405040975740504047574050209757404080875
74070575740606757404107574021075740908057574090804757409040275740901067574080702757408060675740804067574080210757408020775740802047574070509757407050675740702027574070109757406041075740604057574050508757405040775
7408080375
74070975
7407057574060675740410757402107574090805757409080475740904027574090106757408070275740806067574080605757408040675740804037574080210757408020775740802047574070509757407050675740702027574070109757406041075740604057574050508757405040775
7407037574050475740208757409050275740903037574081007757408090975740807057574080608757408060375740609087574060701757405080475740505027574050310757405020775740502067574041003757404081075
740705757406067574041075740302757402107574090902757409080575740908047574090410757409040275740901067574080702757408060675740806057574080406757408040375740802107574080207757408020475740705097574070506757407020275740701097574060410757406040575740505087574050407757405020175
7407020675
7405080575
7406057574091007757409090475740909017574090704757409070175740906107574090205757408100275740807077574080103757407070575740706097574070407757407030475740703017574070204757406100475740610017574060910757406090775740608107574060710757406070675740603067574050905757405020975
740605757409100775740909047574090901757409070475740907017574090610757409020575740810027574080707757408010375740707057574070609757407040775740703097574070304757407030175740702047574070102757406100475740610017574060910757406090775740608107574060710757406070675740603067574050905757405020975
7406040175
7408031075740803057574071001757406090575
7408031075740803057574071001757406090575
74090107757405070475
740805037574080310757408030575740710017574070708757406090575
7404107574090402757408070275740806067574080210757408020775740802047574070509757407050675740702027574070109757405040775
7409021075
740703757405047574020875740905027574090303757408100775740809097574080705757408060875740806037574060908757406070175740505027574050207757405020675
7405757406097574020575740910057574080806757408060975740805067574080102757407100675740709077574070906757407090175740708107574070607757407040675740704047574070209757407020875740702077574070110757407010475740609017574060808757406060575740603047574050807757405070875740505067574050208757405010675740501047574040906757404080775
74080503757408031075740803057574071001757407070875
7406010775
740805037574080310757408030575740710017574070708757407051075
7408030175
74090175
7407100175740804077574050405757405020475
740601027574090806757405050375
74061075740308757409050175740902077574090101757408050775740804017574080208757408020375740706067574060610757406060475740605037574060406757406030975740603037574060302757406030175740602107574060209757406020875740602077574060206757406020575740602047574060203757406020275740602017574060101757405070175740505047574050406757405030375740502107574040806757404080375
74060975740806097574070607757407020875740702077574070110757409100575740606057574040807757405080775740808067574050106757404090675
740806757407107574060575740910077574090904757409090175740907047574090701757409061075740902067574090205757408100275740807077574080103757407070575740707047574070609757407040975740704077574070402757407030975740703047574070301757407020475740701027574061008757406100475740610017574060910757406090775740608107574060805757406071075740607067574060510757406050775740605067574060502757406040975740604077574060306757405100375740509057574050705757405040975740504047574050209757404080875
740575740609757402057574091005757409040775740808067574080609757408050675740801027574071006757407090775740709067574070901757407081075740706077574070406757407040475740702097574070208757407020775740701107574070104757406090175740608087574060605757406030475740508077574050708757405050675740502087574050110757405010675740501047574040906757404080775
74060375740904057574080906757408071075740805087574080407757408040275740710047574070808757406090975740608047574060709757405100475740510027574050610757405060975740504057574050204757404090375
7406010675
7409100975740706037574080603757407020675740609047574060807757406080275740603087574060110757406010975740601067574050604757405030875740501037574041009757404090775
740308757409010175740805077574080401757408020375740606107574060604757406050375740604067574060309757406030375740603027574060210757406020975740602087574060207757406020675740602047574060203757406020275740507017574050504757405040675740503037574050210757404080675
740809097574050710757405080175
74080108757409010775740809077574080801757405070475740902017574090504757408030875
7409050475
740802757407067574040875740908017574090708757409060775740906067574080409757406050475740504037574050107757404071075
7409010775740809077574080108757405070475
7406050875
740806757406057574091007757409090475740909017574090704757409070175740906107574090205757408100275740807077574080103757407070575740707047574070609757407040975740704077574070309757407030475740703017574070204757407010275740610047574061001757406091075740609077574060810757406080575740607107574060706757406051075740605077574060506757406050275740604077574060306757405090575740504097574050404757405020975
74041075740904027574090106757408070275740806067574080406757408021075740802077574080204757407050975740705067574070202757407010975740604057574050508757405040775
740701757406077574060275740404757401077574010675740105757401047574010375740910097574090907757408100975740808097574080104757407090975740707067574070701757407060475740706037574070505757407050475740705037574070502757407030775740703067574070303757407030275740701037574061010757406080775740608037574060705757406060375740604017574060110757406010875740601057574050805757405070975740506067574050604757405030875740503047574041009757404100475740410017574040907757404090475
7408087574070875740909057574090105757408040875740709087574051001757405091075740509097574050908757405010175
74070875740909057574090105757408040875740709087574050909757405010175
74010275740909087574090810757409070975740907027574090408757409030175740901077574081003757408091075740809077574080901757408080175740806047574080405757408030375740802067574080110757408010875740704087574070203757406100775740609047574060707757406070375740605087574060310757406030775740601077574060106757406010375740510107574051009757405100875740510077574051006757405090475740507047574050607757405050175740504107574050302757405010575740410087574040901757404080575
74070175740607757406027574040475740107757401067574010575740104757401037574091009757409090775740801047574070706757407070175740706047574070603757407050575740705047574070503757407050275740703077574070306757407030375740703027574070103757406101075740608077574060803757406070575740606037574060401757406011075740601087574060105757405080575740506067574050604757405030875740503047574041009757404090775
7407040275
740909107574080607757408050375740803107574080305757407100175740707087574070510757406050975
74067574090375740901757405057574090707757409020875740901097574080808757408080575740802097574071010757407061075740702107574070107757406050175740509077574050906757405080275740505097574050305757405020275
740701757406077574060275740404757401077574010675740105757401047574010375740910097574090907757408010475740707067574070604757407060375740705057574070504757407050375740705027574070307757407030675740703037574070302757407010375740610107574060807757406080375740607057574060603757406040175740601107574050805757405060475740503087574041009757404090775
74070709757409080475
74030975740710077574090204757408100175
74060575740909047574090901757409070175740810027574080103757407040775740703097574070304757407030175740603067574050905757405020975
74030675740905107574090509757409050775740905057574090108757408090575740803097574070801757407070375740706027574070206757407020175740701067574061006757406080275740607087574060609757406030875740601097574050801757405050775740503017574050203757405010875740501037574041007757404090275
7405090575
7407037574050475740208757409050275740903037574081007757408090975740807057574080608757408060375740609087574060701757405080475740505027574050310757405020775740502067574041003757404081075
74090206757406050275
7405040375
74050975740108757409040175740903067574081004757408030275740710087574050309757409030875
740901077574080907757408080175740803087574080108757405070475
7409090875
7409010775740809077574080801757408030875740801087574050704757409020175
740910057574091002757409040775740808077574080501757405757406097574091005757409100275740904077574080806757408060975740801027574071006757407090775740709067574070901757407081075740706077574070208757407020775740701107574060901757406060575740508077574040906757404080775
7406037574090405757408090675740807107574080601757408050875740804077574080402757407100475740708087574060909757406080475740607097574051005757405100475740510027574050610757405060975740504057574050204757404090375
7405080875
740410757409040275740901067574080702757408060675740804067574080210757408020775740802047574070509757407050675740702027574070109757405040775
740805077574080203757406060475740603097574060302757406021075740602097574060208757406020775740602067574060204757406020375740602027574050701757405050475740503037574050210757404080675
74070575740606757404107574030275740210757409080575740908047574090410757409040275740901067574080702757408060675740806057574080406757408040375740802107574080207757408020475740705097574070506757407020275740701097574060410757406040575740505087574050407757405020175
740802757407067574060175740503757404087574090801757409070875740906077574090606757408090875740804097574060504757405040375740501077574040710757408087574080307757406040875
7408067574060575740910077574090904757409090175740907047574090701757409061075740902057574081002757408070775740801037574070705757407070475740706097574070409757407040775740703097574070304757407030175740702047574070102757406100475740610017574060910757406090775740608107574060805757406071075740607067574060510757406050775740605067574060502757406040775740603067574050905757405020975
7409100975740710757409070375740603087574060105757406070875
7409030875
7405070375
7404071075
7408027574070675740601757405037574050275740408757403107574011075740909037574090801757409070875740906077574090606757409020975740809087574080803757408040975740605047574050403757405010775740407107574080875740803077574090902757406040775740807017574071008757408060175
740708017574070604757407060375740702067574060907757406090475740608097574060808757406080775740608027574060502757406040975740603087574060110757406010975740601087574060107757406010675740601057574060104757406010375740507107574050604757405030875740502037574050109757404100975740410057574041002757404100175740409097574040908757404090775740408087574040709757409020675740909047574080905757408070375740905097574091007757409061075740906047574090909757407017574080603757409010875740901757409100975
7408050675
74080503757408031075740803057574071001757407070875740705107574060509757408020775740804067574060905757406020675740701027574070309757408070575
7408060375
740702107574060801757409040675
74070775740608757409080675740810057574080902757406100575740608097574060102757405071075740505057574050503757404090975
7402017574080504757408041075740509037574050510757405020575
740575740609757409100575740910027574090407757408080675740806097574080102757407100675740709077574070906757407090175740708107574070607757407020875740702077574070110757406090175740606057574050807757404090675740408077574080807757405030775
74080103757406060875
740708017574070604757407060375740702067574060907757406090475740608097574060808757406080775740608027574060502757406040975740603087574060110757406010975740601087574060107757406010675740601057574060104757406010375740507107574050604757405030875740502037574050109757404100975740410057574041002757404100175740409097574040908757404090775740408087574040709757409020675740809057574080703757409050975740910077574090610757409060475740909097574070175740806037574090108757409017574091009757409090475
7406061075
7409100775
7406060575
74060275740107757401067574010575740104757401037574090907757408010475740707067574070701757407060375740703067574061010757406080775740608037574060705757406040175740506047574050308757404090775
74060508757405100775
7408030175
7409090375
7409060175
740806757407107574060575740910077574090909757409090475740909017574090704757409070175740906107574090206757409020575740810027574080707757408010375740710097574070910757407080975740708067574070710757407070575740707047574070609757407060575740704097574070407757407040275740703097574070304757407030175740702047574070102757406100875740610047574061001757406091075740609077574060810757406080575740607107574060706757406051075740605077574060506757406050275740604097574060407757406030675740510037574050905757405070575740504097574050408757405040475740502097574041002757404080875