316611292366162629663118156616262912191414152566262515
12223215711536153066341819311566142911172625
22113311661726221523
161933156618151114151466142911172625
18112927191566221114366630193031152930
233630311913661826293015231125
301525171525201925
302219161529663118156630213666142911172625
17291511316623263118
14112921662311171913191125
34192517151466142911172625662616662911
12191321322919122635
141129216623111719131911256617192922
372611
311917152966113515
12223215711536153066322231192311311566142911172625
221132251318152966302719141529
23113315223230
291514711536153066127066142911172625
1811292719156622111436
0366132622262915146616193018
1326302326662832151525
3118322514152966142911172625
231921113732211925263611191211
1429151123661322263425
21113715201925
192530151331662832151525
1711292626371930
34192517151466142911172625667309
27153119316623263118
131522311913661732112914191125
121131312215662635
1522151331291913663025112115
312625173626
2126322326291966142911172625
1411292166113030111922112531
311826323011251466142911172625
221132171819251766162226341529
18322517293666123229171529
1429361114
27152514322232236623111318192515
23192232306629111419112531
13291137366616193018
19222232301926251930316616111315221530306623111715
3118156609073118661729113315
2319222215252519322366301819152214
2315311122372611
2211123629192531186634112222
3011171719663118156614112921661322263425
132911342219251766142911172625667308
1411292166152216
3229111236
1270302132222266142911172625
2715291615133122366632223119231131156617291511316623263118
1329111266313229312215
16111931186612192914
233230182926262366231125
132911342219251766142911172625
27112929263166142911172625
161529112266192327
30213222226630152933112531
1429111726256623113031152966212519171831
1211123666142911172625
3011251711662616663118156631183225141529
293632712119301819256627263415291514
1128321166142911172625
3119231566341937112914
121131312215663031151529
17113115661732112914191125
23112571151131192517661222111321663018112921
18112927191576306627153166142911172625
162211231566303426291430231125
13361215296630262214191529
1215113315296634112929192629
14112921663419311318
21322919122618
132919233026256630322512192914
3129197118262925151466142911172625
301811142634661718263222
23363031191311226630112514
3726231219156634112929192629
201529293666121511253066231125
14112921662722112531
15232729153030662032141715
141129216613181923152911
1411292166291112121931
3134192571181511141514663118322514152966142911172625
303219201925
17291511316623112323263118662616661726221416192515
142926262219251766221937112914
133229301566261666142911172625
127066142911172625662032251722156621192517
2219313122156614
1535261419116631181566162629121914141525
2215163166221517662616663118156616262912191414152566262515
291917183166221517662616663118156616262912191414152566262515
2215163166112923662616663118156616262912191414152566262515
291917183166112923662616663118156616262912191414152566262515
1123151211
2915331933112266201123
23153115262966127066142911172625
233630311913112266152216
2311171913191125662616661222111321661318112630
2729263115133126296626166631181566311829262515
17111911663118156616191529131566212519171831
2729153315253166291131
14291117262566301515211529
261215221930216631181566312629231525312629
221526173225
2715291626292311251315662616663034262914
1622112315661315291512293230
12151132311916322266181511141832253129153030
161915251466212911211525
112111211915193032
12221113216631362911252526
21112319251129192126372632
2832151525763066142632122215
23153115262966142911172625
30211522172625
1211313122156634112929192629
14262926331529
16192915341925176627151711303230
17191711253119136613152718112226313230
2211123629192531186631112521
29262631663411311529
23111719131122661718263031
132226342566372623121915
3015292715253166251917183166142911172625
171119116631181566142911172625661318112327192625
14291117262566303111313215
1129232629151466221937112914
1622361925176627152517321925
141129211619291566142911172625
31112132181515
29261129192517662613151125663025112115
1619291566212911211525
30213222226630311122211529
17152319251966152216
361114266621112932
3129112766231130311529
27291925131530306626166631303229321719
3230181966262519
13261326262566261666153326223231192625
34191321151466142911172625663419311866311815661529301131376618151114
122211132122112514661619291566142911172625
213223262631262126
34113115296626232631191330
23151318112519131122131811131529
2932141566211119301529
1222111321662232303115296630262214191529
23363031191311226613112731322915661318111925
161119293676306617191631
11251319152531661229111925
262919262566311815661211313122156621192517
37152911663118156623112531
302719291931662616663118156618112927
3132293122156612192914
1426213229262919141529
23112571151131192517662722112531
133612152966301132293230
14291117262566372623121915
2111192936327130181925
2715251732192566212519171831
3126171535
2026127113181125171566231929292629
27291930231125
28321515256626166611323132232566221511331530
152327152926296626166631181566221125146611251466301511
31152327221566261666302132222230
31342671181511141514662119251766291535
171911253166291514663015113025112115
211123192511291966113131111321
2311232326311866172911331536112914
3026322266183225311529
31262326371132293230
192533111415296616292623661125263118152966141923152530192625
131811212911
1125131915253166312915156626166615252219171831152523152531
2011331522192566121515312215
131811251715663022192315
3032232326251514663021322222
30213666142911172625
34192517661511172215
173211291419112566261666311815663118292625156629262623
1819121921192315
2336303115291926323066273227271531151529
231531112266142911172625
302132222266212519171831
301125171125
12263222141529663126293126193015
21192222152966251515142215
34192517151466142911172625667308
1726141415303066341931186631181566311819291466153615
23262530313229312215
342626146629152311192530
23151711663118322514152912112222
2911121914661826293015231125
231113181925156621192517
18322531152966302719141529
17113115211515271529
273223272119251766311815662119251766261666171826303130
30271929193166261666311815663419251430
3032271529663411297122192625
231125661511311529
21292621261419223230
1729151131663418193115
31342671232632311866141129212932221529
302719211514663025111922
237134112929192629667308
1719223119116631181566147066212519171831
1215113031211925176626166631181566303411232730
2911192512263466162226341529
3611231114292625
313229312215663119171529
1211292915226629261321
161119293666261666311815661626322531111925
27303613182671273227271531
111929661511311529
1226313126236614341522221529
201522223616193018
251917183123112915663013262927192625
23111811663311192226
1222321571341925171514661329263425
1622263415296634262216
2219313122156613181923152911
2326253031292632306612192914
132211346629151113181529
313618262515667308
2211662019252566311815662336303119131122661715251915
0710101010713615112966341819311566313229312215
141930302622331529261321
20192911196617322326
112327181912192632306612321729263118
237134112929192629667309
21111930152966142911172625
161929151729113030
272911173119131122
2926301566302715133129156626166614322525
3018111426346630271513311529
301511662119251766142911172625
2315311122661732112914191125
141129216617291136
111236303066162226341529
331529231922221926256630271129292634
14262132292619372666311815661729192366291511271529
3118156630251121156618111929
3134192566222625176629261430667309
1129222634251136
3021322222661732112914191125
3031262515661470
122911131318192671291119143230
3015193611293632
31181566311819251766311811316618191415306619256631181566233214
12222613211529
221129331130
1726211912262915
30152927152531662311291132141529
1619291566153615
3626292332251711291415
171129331130
3126262566112222191711312629
36112311311125266614291117262566301329262222
2211221166221971262625
1125131915253166201129
1622112315661718263031
3126111466231130311529
2926361122661732112914
1129232629151466372623121915
233221116623322111
1311252526256630262214191529
1622112315663319271529
26133212151123
1719112531663132293122156634182666161515143066262566162211231530
302719211566301511142911
1626293129153030663418112215
18192526311123116630263222
12191766192530151331
271525173219256630262214191529
3129112111142625
29363271211930181925
12262515662326323015
2732251930181514661511172215
23153111226616193018
1619291566291511271529
3134192566222625176629261430667308
221517183222
172911331536112914661125146631181566181125146626166619253319311131192625
17262217261922
14151527301511663018112921
1619152514763066231929292629
37112919173225
18193126313032712315661719112531
131131112732223166313229312215
331926221525316629111925
23112571151131152966123217
29151127152966261666311815661311291430
3418193115662311171913112266181131
2326253031152966151717
1629152537191514662711251411
3118156630181114263466341826661326253129262230663118156614112921
313618262515
3411222266301811142634
30342629146611292366261666142911172625
3034112327661211313122151732112914
311815663419132115146634262923661215113031
1826292566192327
29261321662617291566172926313126667309
23263225311119256634112929192629
203214171566231125
142911172625662719271529
2111291226251122116634112929192629
29261732156614262222
263013192222266618152926667308
1729191616262915
312629192115
121130191366192530151331
181529133222153066121515312215
17191125316616221511
2211293311156623263118
34262216
3019223315296616112517
2126201921261336
17191125316630262214191529662616663031262515
1729112727221529
11351566291119141529
23151711372634221529
131130312215662616661411292166192222323019262530
2119251766261666361123192311211119
1211292635
1736112132311525252666231517112319
3711252119
1329113030661322263425
341925173066261666341913211514661622112315
23113021662616661411292125153030
133229311119256626166631181566141129216626251530
21111715251925171525
18152926662616663118156615113031
14262311663118156611251715226626166630192215251315
311811316634181913186616151514306626256622191615
21112319262566341937112914
30271929193166261666311815661226262130
303227272629311529661925663118156630181114263430
31291911226626166625191718312311291530
30221515271925176622192625
112513191525316631262622
11253011313032
221123262625
2515233229192126
341511311815296613262531292622
26133126121529301529
131811293212192566311815661619291566212519171831
161915251476306618112514
34193131366627181125312623
233630311529366618112514
1222321571153615146630192233152966372623121915
1622112315662311251927322211312629
251513292622112513152966311815663119231522262914
1420192525663118156634113113181529662616663118156634192514
31181566121534193113181925176627181125312623663118191516
22262914662616663118156622112327
1121191819292625
291811192332251426306626166631181566291514663034262914
31181566231522311925176629151466301811142634
18112914661129232629
1419176612151121
3111192531151466341930142623
221930112921
22262914662616663715231911
311815662032141715231525316618112514
14112921662119251766261666311815661112363030
12191766153615
11292311192222
14112921662729193026251529
183229291913111922
27181125312623661415341125
14112921663018111415
231130211514661322263425
22321321366631291925211531
1715251925
1536151129232629
16191525146629151629151331192625667308
171131156614151517
30362513181129
163230192625193031
2115366623111315
311529291166311815663115292919122215
1426292625
1129231166212519171831
23151318662326221566372623121915
1811272736662226331529
111929662311292326316626166625151611291926323025153030
27181125312623661718263031
2311121129291522
14292622226612192914
2715311931661125171522
3419251715146613221511331529
23152631262126
1128321166231114262629
211117152332301811662616663118156612223215661622112315
3026221931321415
231130211514663026291315291529
2319142519171831661619152514
1619152514663034262914
1819312614152513181121
1826322917221130306626166622191615
291129156616193018
34262614661322263425
231114201925256617322525
1411292166311931112566261666311529292629
3426141125663118156629153019141525316626166631181566162629153031
17321129141911256626166631181566221112362919253118
181125193411
361130181925262119
33193018341129662911251419
311815661429141521
1311251422156626166616113115
34113115296615221523152531
2315141166121131
26251566341826661832253130663026322230
231130311529667766153527152931
183626
152513181125311925176623152923111914
25152126171122667309
11251715223419311318
152312293626251913661215113031
14192315253019262511226634112929192629
30312625156611292311141922221529
11251319152531663026291315291529
223225112966283215152566152237111923
34191321151466231929292629
31181566221931312215663034262914302311256626166611192215
29261321662617291566172926313126667308
341925176615171766152216
3118156616322919263230663015116621192517
322521252634256634112929192629662616661619152514
3015133111291911256626166630151329153130
331529301117266631181566141530312926361529
3415311811
23151719293230662219171831
172915152566271811253126236621192517
1729263225146611313111132115296612321729263118
2911366677663115232715291131322915
17262917262566151717
2119251766162617
233630311913661322263425
2336303119131122663018151527667308
1826222617291118
311126663118156613181125311529
261729156626166631181566122211132166301811142634
1411292166112931193031
23262625661525332636
161929153611292632
27303613181913662111272711
231130112119663118156622151715251411293666303426291430231125
142911172625153030663118156634191321151466212519171831
121926662722112531
26251571153615146630181915221466142911172625
1336121529663026221419152966261666141129213426292214
30262519136623111914
213229112311
36112911253726
2111251125663118156630342629142319303129153030
31112129192319252630
3031321616151466112519231122
23151711302625191366153615
3118291515712215171715146637262312191530
143225171526256634262923
23262530311529663111231529
303426291430311122211529
2336303119136622112327
37262515661511311529
3031151522663013262927192625
1411251319251766152216
26261732131819
3034262914302311256616292623661166162629151917256622112514
2326253031152966153615
311131303225262631263018191726
30111215296630221130181529
36111912116629261226
171911253166231513187130262214191529
2315131811251913112266302719141529
121131
1719171171311513186634262216
3018263315226613293230181529
12221130316620321717221529
17191711253126
1336121529713031151925
133612152966132623231125141529
2019253726667303
1419131566112923111419222226
2311171913191125662616661611193118
172614141530306626166634181923
3411311529662311171913191125
191315663411311529
3411311529142911172625661611192936
1125131915253166152216
1215113231191632226612151130316631291119251529
34113115296617192922
34181931156614262227181925
231513186612113030
31322932712732293225
17321129141911256626166631181566301511
11283211663025112115
21112727116611331525171529
21112519211112323126
231922221525193223661726221523
141530312926361529661726221523
2319252623323018196634112929192629
3031262515661718263031
3129192734192915661215113031
12262231661530131129172631
122622316627152517321925
3118156619232326293111226626166631183225141529
3021322222662915146612192914
28321515256612192914
1129231514662519252011
301511662111231525
30192519303115296630152927152531
1711251917322326
1122192530151331192625
1925301513316630262214191529306626166631181566302136
13261321292611131866212519171831
2132341117113111661122271811
12322917221129
212629261711301819
12262666212626
1211292915226622192236
2515151422156612112222
27151113261321
1826301819251925171525
29111925122634662311291925156623152923111914
23323019131911256621192517
341922231515
232629192527181525
2111313111271922221129
1470661832231125
3132293122156629111313262625
1632251719662616663118156623323021
17112215661426172911
12291133156630131937371129
311815663031113132156626166615113031152966193022112514
30112514663031262515
311815661219303129266612323113181529
3031112966122636
30271929193166261666311815662326322531111925
2515132166183225311529
152214151525
213411171129661815291332221530
2319251129
2111231121192919231125
231513181122152625
2519341131262919
132629292614192517663018112921
302115221525171522
181125157118112515
2319301119293237112315
14181129231166131125252625
3426346634112929192629
17291917172215
162926176631181566201123
12151815172625
233230182926262366231125667308
22113311661211313122151732112914
3118156634112514152919251766142626231514
3031151522662617291566172926313126667309
27263166311815663129191321
263013192222266618152926
22153030152966142911172625
2515151422156634262923
342915311318151466171826303166261666311815661131311913
14112921342629221466311826292530
112531182926301132293230
34193113186626166631181566122211132166162629153031
112513191525316626251566261666311815661415152766162629153031
17191125316630132629271926256626166631181566313225142911
1329263466172612221925
22152666341937112914
2711312926226629261226
3415113118152966291527262931
12192514192517661318111925
23151318112519131122663025111922
17291515252111272711
23262566221129331130
2219331925176633113015
3115253111132215662722112531
121511211514663025112115
232629271819251766201129
233230157111
16191525146629151629151331192625667309
17182632226634193118661125661127271531193115
27112215661215113031
2115366623111315667308
31152514152925153030
161119293666142911172625
2612153015662311292326316626166625151611291926323025153030
221928321914661215113031
17291511316612192222
301819251925176616291915251430181927
1222111415162236
152215133129191366221937112914
18192926763066301811142634663013263231
22111436662616661611193118
11292326291514663031112916193018
1826322917221130306626166613263229111715
231129192515661215113031
3411292919262966261666312911141931192625
2926132166302719291931
30251121153611301819
303213133212323066212519171831
192222663419311318
18191718663119141566173626201925
112311372625662616663118156630151130
25152126171122667308
341931131876306611272729152531191315
1129232629151466291131
11251319152531662219371129146634112929192629
2311191415256626166631181566232626252219171831
3031262515662617291566172926313126
34192517151466151717662616662515346622191615
251917183166221937112914
3129152531
111319146613291134221529
192533111415296626166631181566311829262515
2336303119131122663018151527667309
14193021662311171913191125
172932153026231566172626
18362630321215
23111318192515661131311113211529
34181927311119226613292634
1711292311663034262914
271531193166142911172625
2311302166261666301819251566776614112921
2326322531111925
322319
3026171525
36112319
341130311522112514
162629153031
29111917152119
231517112326292718
12291917183166131130312215
30342629143066261666291533151122192517662219171831
14112921712719152913192517662219171831
30271522221219251419251766131929132215
312915231525142632306616192915
14191125662115312666311815661332291566231130311529
141129216618262215
21322511196634193118661318111925
1411292166152515291736
192530151331661129232629663419311866221130152966131125252625
33192215661715292330
301922331529661226346677661129292634
142911172625663129151130322915
23363031191311226623262625
3319262215316613293630311122
192533191726291131192625
2311131819251566132625331529301926256616111331262936
291119301566122614366618151131
1626222226346634192514
27263415296626166621111930181925
12262621662616663015132915316611293130
1215113031661611251730
30342629146626166614112921661415303129321331192625
221517152514112936663034262914
12221113216627152514112531
30112211231125142911
231122153326221525316625323737221529
18262925662616663118156632251913262925
3031111925663031262923
15291114191311311925176611152926302622
122915113118662616662219171831
13293230186613112914
142911172625661311273132291566201129
1811292719157630661615113118152966143230311529
291514662315141913192515
301811142634663027152222
303126276614151615253015
30263222662616663118156627322915
34112929192629661522192319251131192625
153115292511226629153031
1113191466312911276618262215
151131171112262625
161121156631291127
18263230156626166611141815301933156631112715
2319292926296634112222
341914153027291511146629321925
2311171913661336221925141529
142911192519251766301819152214
17261222192566161125
302632226611123026292731192625
19131129323066113131111321
3326221311251913661529322731192625
221917183171192327291930262519251766231929292629
30181114263471192327291930262519251766231929292629
12191766341133156630231122226634113315
1525131811253115146620113315221925
1211146629151113311926256631266630192326131819
231913181937322915
291533152930156631291127
301511221925176613152915232625366626166623262132312625
341112262132
122226132166113131111321
17291113151632226614191315
30213222226614191315
17261222192576306630151329153166291523151436
171916316626166631181566233630311913112266152216
2311171913112266153527222630192625
301819152214661329323018
1815112931662616661322151129663411311529
302711292130
1819252631112311
1619251122661622112315
262621113719
232626361125661332292936
132623271525301131192625661535131811251715
142919331925176630252634
27362911231914662616662219171831
0366132623272215311514
22192515111715662616661415303129321331192625
20323031661415303015293130
1232291415256626166631181566231917183136
322519311514663415663031112514
291522192528321930181514