0
3000
3000
5000
1950
1300
2750
4500
2600
2500
5000
2300
2000
2600
1300
4500
2200
1300
2400
1300
1800
2900
1600
2200
1200
2400
2200
1800
1400
300
1400
1700
800
1350
1500
1200
2400
900
2000
1200
1750
300
1600
1200
1200
0
3000
0
600
1600
2000
1500
3200
3500
2550
1500
800
1600
2000
1300
300
5000
1200
2600
1600
2250
500
1800
3750
2100
2000
1800
1500
1200
1800
300
2300
2850
1600
2100
1200
1750
300
2100
1610
1100
2800
2500
2200
900
2000
2100
1100
1000
200
200
200
200
300
1500
3500
800
2800
800
2300
500
2000
4000
1750
1950
2100
1600
1200
1000
2600
700
350
1800
1700
700
900
2250
1850
2400
900
1300
1350
2350
2600
1100
1500
1200
1500
1450
2100
1600
900
1900
900
500
900
2150
0
900
1500
700
1400
1850
1800
3000
700
1400
1000
1800
2800
800
1900
1900
800
1800
1600
1800
900
1600
800
800
1800
1800
900
1600
1800
1900
1200
2200
500
950
2450
600
2450
400
2500
1900
1800
1650
1450
1000
1850
2650
1000
1450
1200
1200
1200
800
1000
750
2000
2200
1600
1500
1800
1700
2300
800
1100
1600
900
700
500
1850
1000
400
1600
1000
1000
1600
2000
2100
1650
1200
900
1550
1600
1800
600
2000
1000
1700
1800
1250
900
2200
1850
1000
2300
700
1900
2000
500
2000
1150
800
750
1900
900
1500
900
800
2050
2000
2200
2500
1200
850
800
1200
700
800
1200
2000
800
900
600
400
1000
1000
1900
1500
600
1400
400
1550
1400
1600
2350
600
1200
750
1300
1000
400
2100
1600
700
850
300
700
900
1900
2100
600
1200
1000
1550
450
1380
1000
600
1200
800
1200
1600
1750
1800
1400
1300
800
600
2200
200
1500
1600
1000
1200
1200
500
1500
1500
500
1200
1200
1500
1300
1300
1700
1800
920
2000
1380
1800
1500
1350
700
900
600
800
1100
1600
1200
1300
1400
1000
1300
700
1700
1700
1200
800
800
1600
1100
600
1400
500
900
900
800
700
700
1400
1700
1200
500
300
500
1250
1300
1300
1400
1200
1200
700
600
900
700
1000
500
600
600
600
1100
700
800
900
400
1200
900
1000
500
800
400
600
1700
600
600
700
700
1200
800
1050
900
800
1400
600
700
1500
800
600
1300
900
1000
500
800
900
700
600
900
800
1100
1200
800
1200
1100
800
500
1200
800
1000
750
700
800
700
500
800
1000
700
1100
1000
900
500
1500
1000
300
1000
1500
800
1100
1200
1200
600
1100
1300
400
1100
1200
600
700
1400
1200
800
1300
1400
1500
1200
1500
1100
1800
1800
2000
400
250
250
300
300
250
250
1350
1450
1000
1750
400
300
1200
900
800
1700
700
750
500
1650
300
950
1400
1150
1100
1450
1750
1250
500
1800
450
1300
1050
1200
650
2000
1500
1300
1200
1200
1400
1100
1500
1550
1200
300
1100
300
600
950
1000
800
1250
800
550
650
1100
750
1700
500
1550
1750
1000
1550
250
1300
700
400
650
1300
1100
1300
1800
550
1300
1750
950
1900
850
1150
800
900
1100
900
450
1400
900
1250
350
700
1350
1250
1550
800
1400
400
1250
1200
750
550
1200
1000
1100
1800
1100
1850
1350
1100
950
1000
800
650
1300
900
500
800
700
850
1300
1600
1500
1050
700
1100
750
950
1250
1300
600
850
650
1100
850
1100
1700
1900
1650
1000
1650
1600
1650
1300
1900
550
950
1400
1500
1600
1400
1150
1500
900
1350
1150
1350
1300
1500
1600
1650
2550
600
2000
0
0
0
0
0
0
0
0
0
0
0
0
0
0
0
0
0
0
0
0
0
0
0
0
0
0
0
0
0
0
0
0
0
0
0
0
0
0
0
0
0
0
0
0
0
0
0
0
0
0
0
0
0
0
0
0
0
0
0
0
0
0
0
0
0
0
0
0
0
0
0
0
0
0
0
0
0
0
0
0
0
0
0
0
0
0
0
0
0
0
0