10
07101010
07101010
05101010
09010510
09071010
08030510
06051010
08041010
08051010
05101010
08071010
08101010
08041010
09071010
06051010
08081010
09071010
08061010
09071010
09021010
08011010
09041010
08081010
09081010
08061010
08081010
09021010
09061010
071010
09061010
09031010
021010
09070510
09051010
09081010
08061010
011010
08101010
09081010
09030510
071010
09041010
09081010
09081010
10
07101010
10
041010
09041010
08101010
09051010
07081010
07051010
08050510
09051010
021010
09041010
08101010
09071010
071010
05101010
09081010
08041010
09041010
08080510
051010
09021010
07030510
08091010
08101010
09021010
09051010
09081010
09021010
071010
08071010
08020510
09041010
08091010
09081010
09030510
071010
08091010
09040910
09091010
08021010
08051010
08081010
011010
08101010
08091010
09091010
09101010
081010
081010
081010
081010
071010
09051010
07051010
021010
08021010
021010
08071010
051010
08101010
06101010
09030510
09010510
08091010
09041010
09081010
09101010
08041010
031010
070510
09021010
09031010
031010
011010
08080510
09020510
08061010
011010
09071010
09070510
08070510
08041010
09091010
09051010
09081010
09051010
09060510
08091010
09041010
011010
09011010
011010
051010
011010
08090510
10
011010
09051010
031010
09061010
09020510
09021010
07101010
031010
09061010
09101010
09021010
08021010
021010
09011010
09011010
021010
09021010
09041010
09021010
011010
09041010
021010
021010
09021010
09021010
011010
09041010
09021010
09011010
09081010
08081010
051010
010510
08060510
041010
08060510
061010
08051010
09011010
09021010
09040510
09060510
09101010
09020510
08040510
09101010
09060510
09081010
09081010
09081010
021010
09101010
030510
08101010
08081010
09041010
09051010
09021010
09031010
08071010
021010
09091010
09041010
011010
031010
051010
09020510
09101010
061010
09041010
09101010
09101010
09041010
08101010
08091010
09040510
09081010
011010
09050510
09041010
09021010
041010
08101010
09101010
09031010
09021010
09080510
011010
08081010
09020510
09101010
08071010
031010
09011010
08101010
051010
08101010
09090510
021010
030510
09011010
011010
09051010
011010
021010
08100510
08101010
08081010
08051010
09081010
020510
021010
09081010
031010
021010
09081010
08101010
021010
011010
041010
061010
09101010
09101010
09011010
09051010
041010
09061010
061010
09050510
09061010
09041010
08070510
041010
09081010
030510
09071010
09101010
061010
08091010
09041010
031010
020510
071010
031010
011010
09011010
08091010
041010
09081010
09101010
09050510
060510
09070210
09101010
041010
09081010
021010
09081010
09041010
09030510
09021010
09061010
09071010
021010
041010
08081010
081010
09051010
09041010
09101010
09081010
09081010
051010
09051010
09051010
051010
09081010
09081010
09051010
09071010
09071010
09031010
09021010
010810
08101010
09070210
09021010
09051010
09070510
031010
011010
041010
021010
09091010
09041010
09081010
09071010
09061010
09101010
09071010
031010
09031010
09031010
09081010
021010
021010
09041010
09091010
041010
09061010
051010
011010
011010
021010
031010
031010
09061010
09031010
09081010
051010
071010
051010
09080510
09071010
09071010
09061010
09081010
09081010
031010
041010
011010
031010
09101010
051010
041010
041010
041010
09091010
031010
021010
011010
061010
09081010
011010
09101010
051010
021010
061010
041010
09031010
041010
041010
031010
031010
09081010
021010
09100510
011010
021010
09061010
041010
031010
09051010
021010
041010
09071010
011010
09101010
051010
021010
011010
031010
041010
011010
021010
09091010
09081010
021010
09081010
09091010
021010
051010
09081010
021010
09101010
030510
031010
021010
031010
051010
021010
09101010
031010
09091010
09101010
011010
051010
09051010
09101010
071010
09101010
09051010
021010
09091010
09081010
09081010
041010
09091010
09071010
061010
09091010
09081010
041010
031010
09061010
09081010
021010
09071010
09061010
09051010
09081010
09051010
09091010
09021010
09021010
08101010
061010
080510
080510
071010
071010
080510
080510
09070510
09060510
09101010
09030510
061010
071010
09081010
011010
021010
09031010
031010
030510
051010
09040510
071010
010510
09061010
09090510
09091010
09060510
09030510
09080510
051010
09021010
060510
09071010
09100510
09081010
040510
08101010
09051010
09071010
09081010
09081010
09061010
09091010
09051010
09050510
09081010
071010
09091010
071010
041010
010510
09101010
021010
09080510
021010
050510
040510
09091010
030510
09031010
051010
09050510
09030510
09101010
09050510
080510
09071010
031010
061010
040510
09071010
09091010
09071010
09021010
050510
09071010
09030510
010510
09011010
020510
09090510
021010
011010
09091010
011010
060510
09061010
011010
09080510
070510
031010
09070510
09080510
09050510
021010
09061010
061010
09080510
09081010
030510
050510
09081010
09101010
09091010
09021010
09091010
09020510
09070510
09091010
010510
09101010
021010
040510
09071010
011010
051010
021010
031010
020510
09071010
09041010
09051010
09100510
031010
09091010
030510
010510
09080510
09071010
041010
020510
040510
09091010
020510
09091010
09031010
09011010
09040510
09101010
09040510
09041010
09040510
09071010
09011010
050510
010510
09061010
09051010
09041010
09061010
09090510
09051010
011010
09070510
09090510
09070510
09071010
09051010
09041010
09040510
08050510
041010
08101010
10
10
10
10
10
10
10
10
10
10
10
10
10
10
10
10
10
10
10
10
10
10
10
10
10
10
10
10
10
10
10
10
10
10
10
10
10
10
10
10
10
10
10
10
10
10
10
10
10
10
10
10
10
10
10
10
10
10
10
10
10
10
10
10
10
10
10
10
10
10
10
10
10
10
10
10
10
10
10
10
10
10
10
10
10
10
10
10
10
10
10