null
89631139
0
0
12206212
68516705
76232340
0
14141448
46986414
0
25655502
38033121
24311372
49791927
0
87322377
59036972
74677422
76812113
23771716
38999506
31786629
38277918
13215230
62340868
91512835
14977074
87796900
58192742
91152256
05053103
11324436
69572024
67724379
41949033
41462083
42591472
0
84916669
24433920
07489323
53713014
28546905
00032864
32012841
50705071
67284908
66602787
38289717
21417692
01784619
11901678
48579379
91782219
75582395
14181608
67494157
62762898
41392891
32274490
45879658
88819587
25955164
24611934
86164529
71625222
18246479
25833572
80727036
52040216
45231177
44865098
32452818
35565537
40640057
46696593
39111158
30778711
32751480
31339260
23635815
13193642
15237615
32344688
99261403
54752875
98434877
54622031
16353197
28279543
89832901
42625254 
33396948
44519536
08124921
07902349
70903634
95174353
31709826
90660762
15025844
30208479
10071456
06368038
00549481
28563545
0
10538007
04849037
60862676
16899564
77456781
38035986
38670435
15510988
05901497
64271667
32355828
55550921
24194033
27054370
0
99551425
39004808
46474915
92667214
66516792
66889139
09197735
15480588
05628232
17881964
03170832
19066538
46534755
54844990
69140098
29380133
46461247
51371017
48649353
40240595
02957055
87564352
56283725
02483611
07359741
26378150
05405694
63515678
68401546
42431843
02971090
69123138
80770678
72929454
99721536
49127943
89112729
66672569
76634149
36039163
33878931
55337339
80234301
04179849 
11250655
00732302
94119974
58831685
09653271
40374923
72869010
46457856
28450915
65393205
86421986
26932788
18914778
70781052
95288024
47319141
47879985
64501875
54098121
09293977
02504891
26202165
09540040
88979991
57405307
53493204
15820147
17733394
21817254
94905343
46700124
80141480
19737320
29155212
54615781
33951077
93553943
76512652
13429800
57305373
98075147
92731455
51828629
99426834
21347810
70345785
37313348
10476868
81563416
63459075
08353769
81386177
14851496
88643173
93013676
41396436
95952802
68658728
35712107
41218256
56789759
97590747
11714098
40826495
94773007
40173854
56342351
94566432
53293545
33691040
32485271
40575313
23659124
68339286
09159938
40387124
35752363
25882881
29491031
60589682
14708569
03627449
68171737
16507828
06740720
18180762
34743446
94675535
15367030
82742611
88435542
17115745
69780745
59383041
76704943
09430387
81492226
58528964
62671448
39239728
20277860
46657337
11384280
02830619
86088138
96981563
85326399
62337487
96851799
53606874
93920745
42348802
15303296
21239280
74703140
55998462
53581214
29692206
12472242
27094595
07526150
28593363
31890399
10598400
76184692
95727991
94042337
54652250
33066139
15150365
36121917
98818516
63125616
72842870
63182310
13069066
40453765
06285791
69669405
68846917
04931562
30113682
55763552
54541900
91939608
27324313
53829412
80813021
89091579
52584282
41762634
87756343
49417509
90357090
01184620
13039848
02906250
48305365
75390004
00062121
69455834
06840573
31122090
30090452
93889755
92944626
22026707
22026707
80600490
89987208
16972957
52367652
41544074
14037717
41422426
77827521
40200834
49587396
48365709
75850803
90963488
37243151
74637266
37421579
52800428
36304921
62793020
35282433
34460851
61454890
97843505
24348204
99510761
36904469
62403074 
98898173
20060230
29948642
28725004
55210709
81618817
28003512
53375573
16768387
53153481
89558090
15042735
77603950
40196604
77581312
03985011
49370026
64511793
02863439
49258578
75646173
01641882
01929294
63308047
36151751
00756652
63545455
99030164
75889523
61201220
98795934
97973387
38142739
39175982
53832650
85639257
15401633
84794011
10189126
83678433
22855882
46718686
08783685
80516007
17511156
43905751
89494469
42883273
89272878
84285623
41061625
78556320
08944575
47695416
03732747
76211194
03606209
75499502
38982356
75376965
01761063
37160778
64154377
37043180
63432835
36821538
62210247
15150371
25109950
62193699
98582704
18710707
97360116
15507080
50259460
96643568
23032273
22910685
58314394
85309439
11793047
84686841
47060154
83464209
10859908
46247516
45121025
72520073
45909477
71407486
07892180
44287299
70681994
07670542
33064647
75559356
38942059
85705804
71280811
12829151
44073668
71068263
07562372
33734439
51228280
97612389
50005633
98049915
86100785
13599884
59983499
58861941
85255550
84133008
47922711
73911410
10315429
72299832
45688586
72076281
08471389
71950093
70138455
33621868
69015963
06400512
32809211
69893315
31560081
67959180
93343894
20848593
66836598
93221206
29616941
55014050
92409659
50176820
59053232
85448931
12436646
48109103
84103702
47986555
73481154
46864967
72269672
45042329
12146024
48531733
84926738
10202894
73081602
09076207
71746462
08131171
34536276
70924884
07019529
33413638
60802233
06297941
32569498
68963107
67841515
94230224
20624263
67629977
29402771
92391084
92391084
55784832
81179446
81057959
17441953
53830602
16229315
74277583
10262698
73051941
71107816
08201910
34690519
70084224
06367785
95144193
32539892
68928540
94412545
07805359
34290067
60694662
07089711
33178416
96967123
69750536
95744531
68638985
94022093
93900406
20394040
93788854
29172562
55567161
82065276
55444629
81843628
17238333
43500484
89904598
78010363
14015067
41403766
77998771
04392470
76775123
72053645
08058240
34442949
61831093
07225792
34320307
60715406
06103114
33508719
69992868
68870276
95265975
21263083
20541432
57935140
20315854
56713552
93108297
55691901
82085619
28470714
55875323
81863068
17358176
17535588
43530283
29929832
56413937
82818645
29802344
55291359
81686058
54579801
17968114
43352213
80741828
16246527
43230671
79629370
15023985
42418084
78402798
78780140
77568553
03056267
30451366
76446915
65623423
02118022
38116136
91996584
90844184
75356564
25110231
50913601
22702055
86318356
59197169
23424603
87430998
12580477
22046459
82878489
72302403
45895206
18807108
46918794
84257639
53129443
37390589
04614116
03492538
39774685
01557499
01435851
36607978
15052462
98374133
25769732
51267887
98252586
77027445
91595718
46009906
37120512
61854111
65169794
32268901
99597615
64047146
21323861
94716515
20101223
57728570
50045299
18144506
38199696
29267084
63102017
47852924
90873992
95051344
41356845
42578427
03027001
15083728
22359980
77754944