deck inicial
238
60
75
174
82
348
353
263
384
388
390
411
179
469
470
471
472
285
473
474
475
480
481
488
498
500
515
517
98
524
211
294
537
268
543
41
558
280
565
569
116
270
279
56
315
158
332
333
334
335
261
347
150
351
358
299
362
283
363
235
203
364
233
208
373
257
374
376
377
378
379
381
262
386
389
630
391
393
394
395
275
115
396
398
401
403
404
407
412
414
415
417
424
429
433
434
435
438
256
452
486
487
504
290
518
525
527
529
538
37
550
195
553
556
559
563
242
581
584
586
224
277
594
284
598
600
307
309
314
188
172
319
320
119
286
241
296
220
341
350
129
354
265
207
355
356
357
254
365
369
371
372
152
193
226
247
375
382
383
113
162
120
246
264
206
399
139
136
194
406
413
416
230
124
420
423
426
428
432
140
436
437
441
442
443
445
446
455
456
143
459
484
493
494
502
511
32
520
523
526
536
165
546
548
551
552
561
566
571
89
92
577
580
583
585
587
595
599
601
614
623
625
291
144
304
305
80
48
190
204
51
192
336
339
342
24
343
44
168
244
367
368
370
387
298
400
145
402
408
111
410
35
418
419
421
425
210
427
430
431
17
177
439
103
450
451
453
454
260
478
483
492
497
501
503
214
508
516
522
532
535
539
33
557
560
191
175
567
258
570
278
572
574
133
578
579
293
591
592
597
602
603
607
619
624
626
184
646
638
637
636
632
634
633
635
648
651
652
653
654
660
655
657
658
659
660
661
662
663
664
665
666
667