141513216419251913191122
080702
0410
0305
090306
0208
070602
070507
080407
070206
070202
070110
060909
090301
060401
060310
060309
060308
080205
060307
060306
060305
060210
060209
060202
060102
051010
050905
050903
0102
050806
080909
080106
050703
080402
050607
0609
050502
080210
050405
050401
090904
080310
080301
0504
070905
090502
070708
070707
070706
070705
080409
070603
090510
070509
070502
080101
070408
080207
070407
080705
081007
070406
080707
081002
070307
080503
070306
070304
070303
070302
070301
070209
080408
070204
070201
040710
070109
070107
070106
070105
080305
090905
070104
070102
061009
061007
061006
061003
060908
060906
060905
060903
060806
060801
060707
060706
060705
060702
080504
060508
060204
060203
051006
080110
050902
050805
050803
050801
050702
0703
050510
090105
050507
050504
050501
050407
080608
050209
050206
050204
080806
080303
050106
080206
050102
041010
071003
071001
070906
090202
090308
070901
070810
090901
080204
080609
080104
080810
070609
070510
090801
070506
080405
081003
070505
070504
070503
080506
070405
070401
070309
070308
090508
090107
080804
080603
070305
070208
070207
090907
090408
090810
080604
080406
081004
070101
090701
090704
090106
061004
060907
060904
080710
090806
060810
060807
060804
060802
060708
090610
060704
060703
060609
060608
060607
060605
060604
060505
060504
090607
060501
060206
060107
060106
051008
050909
0708
050810
050807
050804
050704
090405
050604
050602
050509
050508
050409
050404
050309
0201
0108
050303
050210
050207
050205
050203
050105
050101
041009
040906
040807
040805
080109
090606
071006
071005
0210
0602
090110
081006
0509
090108
070704
070701
070608
0806
070607
0606
090402
080606
070403
070402
070310
070203
080102
061010
090605
061008
061002
090909
060910
0705
060902
060901
060809
060805
080910
060803
060710
060709
0903
090303
060701
091007
060510
060509
060507
060506
080410
060302
060207
060108
060103
051009
051007
080906
051002
050904
050808
050708
050705
050701
0707
050503
050410
090109
090305
050403
080502
050310
080302
050308
050306
090707
050302
050301
080107
050109
050108
050103
041008
041007
041003
040901
040806
040804
090206
040604
040702
040703
040704
040708
040706
040707
040705
040602
040509
040508
040507
040506
040410
040505
040503
040502
040501
040410
040409
040408
040407
040406
040405
040404
040403