0
2500
2500
5000
2100
1550
2500
4500
2500
2100
5000
2000
1700
1900
1100
3800
2500
900
2000
1400
800
2450
1500
2350
900
2200
2400
1500
1200
200
1200
1000
900
800
1200
1200
2000
500
1850
1400
2000
250
1200
2200
900
3000
2300
3000
1500
1200
800
800
2500
3000
2500
1100
600
1400
1300
1400
200
5000
700
2200
1200
1900
400
1300
3400
1300
2500
1600
1700
1500
1700
200
1800
2350
1300
1700
900
0
400
1700
1460
1500
2100
2400
1800
800
1500
1800
700
1000
300
300
300
300
350
500
2000
2000
2600
1500
2100
2000
2100
4000
1550
1850
1800
800
1400
800
1800
600
300
2000
1900
1000
800
1800
700
2400
800
1400
0
2400
2100
900
1200
1000
1250
1000
1800
1500
800
900
1700
1100
700
1950
2000
900
800
1400
1200
800
1600
2500
700
1000
700
1500
2300
2000
1700
1850
600
1400
0
1500
800
1800
1300
1000
1500
1500
1300
1200
800
1400
800
1800
400
1400
2000
1500
2550
300
1200
1800
1500
1600
1000
1500
1700
2250
600
2200
1000
1200
1000
1000
900
600
1700
2000
1400
1800
2000
1400
2100
600
1200
800
700
1300
1000
1500
1100
500
1800
1500
1300
1100
2350
1600
1700
1500
800
1400
1200
1400
550
1900
800
1900
1000
2100
1000
100
1300
500
2000
600
1500
1800
200
1700
2150
900
400
1500
1200
1200
700
1000
2500
2300
2000
2300
1300
1800
1000
1400
600
600
900
1700
1600
300
600
200
800
1000
2200
0
300
1300
450
1650
1800
1300
2150
500
1500
500
800
500
300
1800
1900
500
700
350
900
1600
1600
1800
700
1000
2000
800
600
1930
700
900
1000
700
1400
3000
2030
1500
700
1000
1200
1000
1500
1800
1200
1000
500
1500
600
700
2000
1200
400
800
800
1200
2000
1200
1150
2000
1930
1530
1530
2000
1700
1400
600
400
500
600
1000
1400
1000
1100
1200
1000
900
1700
1400
1200
1700
700
400
1400
800
600
1300
500
700
1000
900
900
700
1200
1400
1300
700
1200
800
800
1300
1000
700
800
1000
1300
1000
200
600
1000
700
800
900
500
1400
800
900
700
300
1300
500
1200
400
500
600
800
1400
500
900
700
600
2000
400
1000
1400
600
800
700
600
1200
1200
800
1100
1200
1200
500
600
700
800
600
700
400
1000
1000
1200
900
900
1000
750
1000
1200
1300
1100
600
1300
1400
1300
700
500
500
900
900
600
1600
1000
1000
1300
900
1000
1000
700
900
1400
1400
1000
1000
1000
1100
900
1300
1300
1200
900
800
1500
1400
1200
900
1800
800
1500
1600
1600
300
200
300
200
250
250
350
1600
1500
1300
1900
500
350
1400
1200
900
1800
500
700
400
1800
400
700
1000
900
700
1200
1500
1000
400
1500
500
1000
900
900
900
2200
1000
1200
1000
1300
1500
800
1300
1200
2000
300
1300
250
800
700
800
900
1000
800
400
500
600
700
1500
700
1700
1500
1200
1300
300
1100
900
300
600
1000
1400
1600
1000
500
1800
1900
1000
1700
750
1400
600
800
700
400
500
1600
500
900
300
500
1000
800
1800
600
1800
400
700
1000
600
400
900
850
1200
1900
1000
1600
1200
900
1500
1100
1000
900
1400
1100
600
900
600
900
1400
1200
1200
1200
1400
1200
800
800
1300
1100
700
800
500
800
1400
1200
1600
1700
1900
1200
1300
1500
1300
1400
2000
500
1100
1100
1300
1500
1700
1300
1800
700
1700
900
1000
700
900
1300
1600
2150
700
1800
0
0
0
0
0
0
0
0
0
0
0
0
0
0
0
0
0
0
0
0
0
0
0
0
0
0
0
0
0
0
0
0
0
0
0
0
0
0
0
0
0
0
0
0
0
0
0
0
0
0
0
0
0
0
0
0
0
0
0
0
0
0
0
0
0
0
0
0
0
0
0
0
0
0
0
0
0
0
0
0
0
0
0
0
0
0
0
0
0
0
0