238
66
60
314
188
75
333
174
82
348
353
263
384
388
390
411
412
179
634
469
285
475
480
481
488
498
500
515
98
524
211
537
268
558
280
565
569
116
682
683
s
238
60
75
82
263
384
179
660
632
469
470
472
285
473
474
475
481
515
517
98
537
41
558
280
565
116
682
s
238
60
309
312
319
320
267
160
126
333
286
341
351
129
354
265
207
362
283
365
263
369
371
193
375
262
388
162
391
120
246
115
264
399
403
194
406
411
412
416
230
420
426
427
430
433
436
437
441
179
452
456
635
470
471
473
494
500
502
504
290
511
32
98
536
268
543
280
559
563
565
581
586
587
277
595
284
599
614
623
s
56
315
158
126
332
334
335
261
82
348
350
150
351
353
358
362
283
235
203
364
373
257
374
247
376
377
379
262
386
389
630
390
391
393
395
275
115
396
398
401
403
404
407
411
415
417
424
429
435
256
452
637
486
290
518
525
211
529
294
538
37
543
550
553
556
558
559
563
242
584
586
224
277
598
600
681
s
101
80
48
245
43
311
322
325
329
267
160
126
200
334
201
286
296
339
347
44
351
354
355
356
357
358
283
373
374
377
378
113
391
397
264
400
134
194
411
230
423
426
427
431
435
78
490
214
508
281
125
165
189
544
110
79
137
91
83
272
237
293
252
612
616
617
619
625
s
62
238
60
309
312
314
172
319
320
267
160
126
286
341
350
351
129
354
265
207
355
362
283
254
365
263
369
371
193
226
247
375
113
262
388
162
391
120
246
115
264
399
403
194
406
411
416
230
420
423
426
428
430
431
432
433
436
437
441
443
445
446
179
452
455
456
143
635
470
471
473
494
500
502
504
290
511
32
520
98
536
268
543
280
559
563
565
571
92
580
583
586
587
277
595
284
601
614
623
s
66
315
334
174
261
348
351
353
362
283
373
376
379
262
388
390
393
275
398
411
415
417
435
634
480
486
488
498
500
524
525
211
529
294
268
543
559
565
569
242
583
584
224
600
647
682
683
s
60
75
263
637
470
472
473
474
475
515
517
41
s
279
56
307
312
314
188
267
160
119
174
335
286
241
296
220
347
150
354
356
357
358
297
299
254
363
203
233
208
372
152
257
193
226
247
377
378
381
382
383
113
386
162
391
120
246
394
395
264
206
401
139
136
407
413
414
416
124
423
432
433
140
434
438
442
445
446
452
143
459
636
632
484
487
494
504
32
518
519
520
521
523
527
536
37
548
550
551
556
563
571
89
92
580
585
594
595
284
s
291
56
144
305
315
190
323
51
192
339
220
342
343
82
207
235
203
367
185
370
247
380
213
385
387
298
395
400
145
402
408
410
419
105
425
427
17
177
439
103
451
453
637
231
285
478
509
518
519
520
521
524
211
532
294
538
37
539
548
558
191
570
574
242
584
597
598
607
624
s
498
529
584
524
543
569
613
48
177
224
262
268
275
290
297
307
334
351
372
377
378
379
391
393
394
403
407
415
449
455
518
598
630
504
525
538
581
203
241
247
254
257
260
299
306
335
347
348
356
382
389
398
401
406
412
417
420
571
579
607
399
502
591
85
92
129
204
336
350
380
418
422
436
446
450
453
42
49
57
64
78
111
135
160
163
169
198
205
212
215
222
273
282
s
62
307
310
315
319
324
119
334
174
261
348
351
353
362
283
373
376
379
262
388
390
393
275
398
411
415
417
435
634
480
486
488
498
500
524
525
211
529
294
268
543
559
565
569
242
584
224
600
647
s
59
31
73
34
245
30
310
311
313
276
255
317
112
219
331
55
352
359
132
380
393
405
17
459
651
632
482
147
253
513
269
551
191
590
s
279
59
305
31
73
34
245
30
310
311
313
188
276
255
317
75
112
219
323
331
164
339
342
343
55
352
353
299
359
365
367
185
132
369
370
372
152
226
375
380
213
385
401
405
407
408
414
415
417
424
105
429
436
438
442
443
444
455
648
635
475
482
147
253
509
513
527
537
269
569
590
597
600
s
238
60
80
245
331
267
160
126
286
44
351
354
283
388
391
264
194
440
446
457
653
656
636
635
478
480
481
482
483
147
253
484
287
486
487
488
533
269
539
556
280
563
580
198
624
s
279
56
307
312
188
315
267
160
126
332
335
286
261
347
150
351
354
357
358
297
299
362
283
363
235
203
364
233
208
372
257
193
374
376
377
378
381
383
262
386
389
162
630
391
120
246
394
395
115
396
398
206
401
139
403
404
407
413
414
415
416
417
124
424
429
433
140
434
435
437
438
442
256
179
452
459
659
633
470
473
486
487
494
498
500
502
504
290
517
518
98
527
529
536
538
37
543
548
550
553
556
559
563
89
585
586
277
594
595
284
598
s
66
48
334
192
296
339
346
347
348
150
355
356
357
358
373
374
377
378
113
384
389
394
400
404
423
427
428
432
435
441
448
660
633
469
472
495
525
529
553
576
579
582
592
597
601
615
s
238
351
372
377
378
379
391
415
525
283
286
358
381
435
155
356
382
563
535
539
541
544
582
588
597
611
625
33
126
331
476
245
267
42
311
337
118
345
545
20
27
67
71
74
s
62
144
261
265
362
193
213
387
162
630
120
246
403
416
124
146
421
210
433
437
179
452
456
143
652
636
633
470
492
493
273
506
507
541
546
560
602
608
184
s
291
62
144
304
307
309
312
314
319
320
241
340
343
261
254
364
380
381
382
383
630
298
390
393
396
399
418
419
105
17
445
456
143
459
652
656
637
633
476
523
532
41
551
191
588
224
594
614
623
680
s
60
75
333
263
637
151
470
472
473
474
475
515
517
41
33
258
278
577
613
s
291
62
279
144
304
48
321
323
340
261
346
361
366
630
146
440
444
448
456
457
143
634
476
287
273
506
507
533
541
576
582
588
198
608
615
680
s
144
304
305
80
48
245
309
312
190
172
319
320
112
219
322
51
292
267
160
126
164
286
192
336
339
341
342
24
343
349
44
351
129
354
265
207
360
362
283
365
367
369
370
371
193
375
262
213
387
162
298
391
120
246
115
264
399
400
145
402
403
194
406
408
410
411
416
230
418
419
420
421
425
426
210
427
430
431
433
436
437
17
177
439
441
103
450
451
452
453
454
456
635
78
466
467
478
483
22
494
502
504
290
509
510
511
512
32
532
536
539
543
559
191
563
570
574
579
586
592
277
595
284
597
607
614
623
624
s
279
56
307
312
188
315
112
219
323
267
160
126
332
335
286
261
347
150
351
354
265
357
358
297
299
362
283
363
235
203
364
233
208
372
257
193
374
376
377
378
381
383
262
213
386
387
389
162
630
391
120
246
394
395
115
396
398
206
401
139
403
404
405
407
413
414
415
416
417
124
421
424
210
429
433
140
434
435
437
438
442
256
452
633
486
487
494
502
504
290
518
527
529
536
538
37
543
548
550
553
556
559
563
89
585
586
277
594
595
284
598
s
101
67
48
311
84
292
330
334
201
192
296
339
344
347
348
349
150
355
356
357
358
360
155
373
374
377
378
113
389
392
394
397
400
404
423
427
428
432
435
441
633
72
22
514
525
528
529
159
183
553
579
592
597
601
618
628
s
279
56
307
169
312
314
188
172
51
49
267
160
119
335
286
241
296
220
347
150
354
356
357
358
297
299
254
363
203
233
208
372
152
257
193
226
247
377
378
381
382
383
113
386
162
391
120
246
394
395
264
206
401
139
136
407
413
414
416
124
423
432
433
140
434
438
442
445
446
452
143
636
632
484
487
494
504
32
518
519
520
521
523
527
536
37
548
550
551
556
563
571
89
92
580
585
594
595
284
682
s
291
62
279
59
304
305
31
307
48
309
43
311
314
188
172
319
320
323
326
328
84
5
331
160
119
164
334
201
286
241
296
339
220
341
342
347
350
352
129
354
265
207
355
356
357
358
299
359
254
365
367
369
370
371
372
373
152
193
226
374
247
375
377
378
382
383
113
385
162
392
120
246
397
264
206
400
401
139
136
194
406
407
408
413
414
415
416
230
417
124
420
423
424
426
427
428
429
432
140
435
436
437
438
441
442
443
445
446
455
456
143
636
228
484
494
502
511
32
520
521
523
525
527
536
548
551
571
89
92
580
585
595
600
601
628
s
56
309
315
158
204
126
332
334
335
261
348
350
150
351
358
362
283
235
203
364
373
257
374
247
376
377
379
262
386
389
630
390
391
393
395
275
115
396
398
401
403
404
407
411
415
417
424
429
435
177
439
256
451
452
637
64
486
290
518
525
529
294
538
37
543
550
553
556
559
563
570
242
584
586
224
277
598
600
607
s
291
56
144
305
30
311
276
315
190
255
317
112
323
51
192
339
220
342
343
55
207
359
235
203
367
185
370
247
380
213
385
387
298
395
400
145
402
408
410
419
105
425
427
17
177
439
103
451
453
637
231
478
482
509
518
519
520
521
532
294
538
37
539
548
191
570
574
242
584
597
598
607
166
624
s
238
60
75
57
337
82
168
244
368
263
384
111
35
179
632
85
469
470
271
285
473
474
475
479
186
481
497
288
218
503
171
515
243
517
522
236
98
223
535
537
41
547
555
558
280
564
565
278
577
605
116
620
117
121
s
101
59
31
73
34
169
245
30
310
311
313
276
255
317
112
219
324
49
326
328
292
5
331
55
345
349
352
359
132
155
380
393
405
17
632
78
228
477
482
147
253
510
512
182
513
514
528
269
551
191
590
222
627
s
101
59
144
303
71
305
73
80
34
308
90
30
310
313
314
188
172
320
322
324
325
292
329
330
200
119
335
336
341
24
345
129
297
363
233
208
185
371
376
379
386
398
134
139
402
136
406
410
413
420
425
430
140
434
103
450
453
454
467
501
170
281
516
221
531
42
540
79
557
566
567
69
91
83
578
237
609
610
612
s
101
59
238
144
305
73
80
34
30
313
314
188
172
320
292
57
333
337
348
412
634
260
271
479
186
488
498
288
218
500
171
243
236
524
223
268
547
555
564
569
605
620
117
121
s
291
62
279
144
303
71
304
31
34
48
43
27
161
322
323
295
240
5
330
261
153
132
630
397
456
143
634
467
228
167
108
72
489
499
182
514
528
159
183
163
575
166
628
678
s
59
305
188
325
326
295
327
328
84
240
329
331
200
164
342
352
353
299
359
365
367
369
370
372
152
226
375
385
392
401
134
407
408
414
415
417
424
429
436
438
442
443
455
228
181
229
281
217
138
542
545
79
549
552
50
561
175
91
83
572
237
591
606
612
232
622
626
628
s
101
80
48
245
43
311
322
325
329
267
160
126
200
334
201
286
296
339
347
44
351
354
355
356
357
358
283
373
374
377
378
113
391
397
264
400
134
194
411
230
423
426
427
431
435
78
214
508
281
125
165
189
544
110
79
137
91
83
272
237
293
252
612
616
617
619
625
s
291
62
144
302
67
71
304
31
73
307
34
308
90
309
43
311
313
314
319
320
27
325
327
329
5
200
241
343
55
254
132
380
382
383
630
298
399
418
419
105
17
445
456
143
467
40
108
485
489
282
239
182
281
513
514
217
523
259
528
532
545
163
79
551
191
91
83
573
575
74
237
590
612
614
222
623
s
62
144
34
90
112
219
325
292
329
200
349
265
360
132
193
213
387
162
630
120
246
134
405
416
124
421
210
437
456
143
492
493
20
281
530
135
156
546
79
560
91
83
237
589
602
604
215
611
612
184
s
309
470
471
474
475
534
29
41
60
75
82
98
285
363
442
472
473
481
490
515
517
116
558
179
211
263
270
280
384
390
452
469
480
537
565
294
500
554
66
105
139
174
208
238
315
318
353
362
364
376
388
411
424
432
439
488
498
529
584
524
543
569
613
48
177
224
262
268
275
290
297
307
334
351
372
377
378
379
391
393
394
403
407
415
449
455
518
598
630
504
525
538
581
600
115
119
145
150
207
235
256
283
286
332
343
357
358
371
374
381
395
396
404
414
429
431
435
456
486
536
559
586
592
195
242
277
428
487
527
568
594
32
56
101
103
155
158
164
165
193
203
241
247
254
257
260
299
306
335
347
348
356
382
389
398
401
406
412
417
420
423
426
430
433
445
459
484
521
523
550
563
674
s