238
66
97
60
314
188
75
333
174
82
348
353
263
384
388
390
411
412
179
663
667
634
646
643
469
285
475
480
481
488
498
500
515
98
524
211
537
268
558
280
565
569
116
702
703
683
681
682
687
s
238
96
60
75
82
263
384
179
661
664
660
658
632
646
713
674
704
711
469
470
472
285
473
475
481
515
517
98
537
41
558
280
565
116
702
703
683
682
714
687
690
691
692
693
694
s
238
97
60
312
267
160
126
333
286
351
354
362
283
263
193
262
388
162
391
120
246
115
264
403
194
411
412
416
230
427
430
433
437
179
452
653
666
657
637
634
635
646
713
674
704
711
470
471
473
494
500
502
504
290
511
32
98
536
268
543
280
559
563
565
581
586
587
277
595
284
599
714
715
688
696
682
687
690
691
s
56
97
315
158
126
332
334
335
261
82
348
350
150
351
353
358
362
283
235
203
364
373
257
374
247
376
377
379
262
386
389
630
390
391
393
395
275
115
396
398
401
403
404
407
411
415
417
424
429
435
256
452
662
661
655
659
637
646
638
709
710
711
486
290
518
525
211
529
294
538
37
543
550
553
556
558
559
563
242
584
586
224
277
598
600
679
703
681
714
715
688
696
682
701
s
101
97
80
48
245
43
311
322
267
160
126
334
201
286
296
339
347
44
351
354
355
356
357
358
283
373
374
377
378
113
391
397
264
400
194
411
230
423
426
427
431
435
648
652
676
666
654
660
636
646
638
645
709
710
711
47
78
214
508
125
165
544
137
272
293
80
616
617
619
625
639
671
675
673
702
681
714
715
685
688
696
682
692
693
695
s
62
238
96
60
312
314
267
160
126
286
350
351
354
265
355
362
283
254
263
193
226
247
113
262
388
162
391
120
246
115
264
403
194
411
416
230
423
428
432
433
437
443
445
446
179
450
452
455
143
653
666
657
636
633
635
646
713
674
704
711
470
471
473
494
500
502
504
290
511
32
520
98
536
268
543
280
559
563
565
571
92
580
583
586
587
277
595
284
601
714
715
688
696
682
687
690
691
692
s
238
97
60
312
267
160
126
333
286
351
354
362
283
263
193
262
388
162
391
120
246
115
264
403
194
411
412
416
230
427
430
433
437
179
452
653
666
657
637
634
635
646
713
674
704
711
470
471
473
494
500
502
504
290
511
32
98
536
268
543
280
559
563
565
581
586
587
277
595
284
599
714
715
688
696
682
687
690
694
697
699
s
97
60
75
263
662
637
646
711
470
472
473
475
515
517
41
683
681
682
714
687
690
691
699
701
s
279
56
97
307
312
314
188
267
160
119
174
335
286
241
296
220
347
150
354
356
357
358
297
299
254
363
203
233
208
372
152
257
193
226
247
377
378
381
382
383
113
386
162
391
120
246
394
395
264
206
401
139
136
407
413
414
416
124
423
432
433
140
434
438
442
445
446
452
143
459
661
655
657
636
632
484
487
494
504
32
518
520
521
523
527
536
37
548
550
551
556
563
571
89
92
580
585
594
595
284
681
714
682
714
687
s
56
97
315
220
82
207
235
203
247
395
656
637
646
713
674
704
709
710
711
285
518
520
521
524
211
294
538
37
548
558
242
584
598
703
714
715
696
682
714
687
690
691
697
699
701
706
s
56
97
315
220
82
207
235
203
247
395
656
637
646
713
674
704
709
710
711
285
518
520
521
524
211
294
538
37
548
558
242
584
598
703
714
715
696
682
714
687
690
691
694
695
697
699
701
s
66
96
315
334
174
261
348
351
353
362
283
373
376
379
262
388
390
393
275
398
411
415
417
435
663
662
664
634
646
709
710
480
486
488
498
500
524
525
211
529
294
268
543
559
565
569
242
584
224
600
647
665
703
683
714
682
692
693
s
96
30
311
255
112
324
55
359
380
393
17
459
666
656
658
632
674
704
677
710
711
643
482
147
253
551
191
673
702
715
680
688
682
687
690
692
694
697
s
279
60
305
188
75
164
339
342
343
353
299
365
367
369
370
372
152
226
375
401
407
408
414
415
417
424
105
429
436
438
442
443
444
455
648
666
656
635
475
527
537
569
600
714
715
680
685
696
682
687
690
693
s
238
97
60
80
267
160
126
286
44
351
354
283
388
391
264
194
440
446
457
653
676
654
656
636
635
478
480
481
482
483
147
253
484
287
486
487
488
533
539
556
280
563
580
198
624
668
715
680
696
682
687
717
s
279
56
96
307
312
188
315
267
160
126
332
335
286
261
347
150
351
354
357
358
297
299
362
283
363
235
203
364
233
208
372
257
193
374
376
377
378
381
383
262
386
389
162
630
391
120
246
394
395
115
396
398
206
401
139
403
404
407
413
414
415
416
417
124
424
429
433
140
434
435
437
438
442
256
179
452
459
661
655
659
633
638
470
473
486
487
494
498
500
502
504
290
517
518
98
527
529
536
538
37
543
548
550
553
556
559
563
89
585
586
277
594
595
284
598
681
714
688
682
687
691
s
66
96
334
296
346
347
348
150
355
356
357
358
373
374
377
378
113
384
389
394
404
423
428
432
435
441
448
664
660
633
469
472
495
525
529
553
576
582
601
615
678
671
640
673
702
703
715
680
696
682
714
687
690
691
692
693
694
695
697
699
701
s
279
60
305
188
75
164
339
342
343
353
299
365
367
369
370
372
152
226
375
401
407
408
414
415
417
424
105
429
436
438
442
443
444
455
648
666
656
635
475
527
537
569
600
714
715
680
696
682
690
692
694
697
699
s
62
96
261
265
362
193
162
630
120
246
403
416
124
146
433
437
179
452
456
143
664
652
653
666
654
659
636
633
704
470
493
273
506
507
541
546
608
679
671
670
673
702
685
688
682
692
693
695
699
705
s
62
97
307
309
312
314
319
320
241
340
261
254
364
381
382
383
630
390
393
396
399
445
456
143
459
652
656
672
637
633
476
523
532
41
551
588
224
594
614
623
639
671
640
673
702
703
680
685
688
682
714
722
684
690
691
692
693
694
695
697
707
708
718
s
59
305
31
73
34
169
245
30
310
311
313
188
276
255
317
112
219
323
49
326
295
328
84
240
331
164
339
342
343
55
352
359
365
367
185
132
369
370
372
152
226
375
380
213
385
392
405
408
105
436
442
443
455
648
666
656
635
228
482
147
253
509
512
513
269
590
597
222
628
679
675
714
715
680
685
696
682
686
687
692
693
706
707
716
718
s
62
279
97
321
340
261
346
361
366
630
146
440
444
448
456
457
143
662
648
672
634
476
287
273
506
507
533
541
576
582
588
198
608
615
678
671
640
673
702
703
680
685
688
696
682
714
687
691
694
699
705
707
719
s
144
97
304
305
80
48
245
309
312
190
172
319
320
112
219
51
267
160
126
164
286
192
336
339
341
342
24
343
44
351
129
354
265
207
362
283
365
367
369
370
371
193
375
262
213
387
162
298
391
120
246
115
264
399
400
145
402
403
194
406
408
410
411
416
230
418
419
420
421
425
426
210
427
430
431
433
436
437
17
177
439
441
103
450
451
452
453
454
456
653
666
657
635
713
674
704
711
78
478
483
494
502
504
290
509
510
511
512
32
532
536
539
543
559
191
563
570
574
579
586
592
277
595
284
597
607
614
623
624
714
715
688
696
686
692
693
720
s
279
56
96
307
312
188
315
112
219
323
267
160
126
332
335
286
261
347
150
351
354
265
357
358
297
299
362
283
363
235
203
364
233
208
372
257
193
374
376
377
378
381
383
262
213
386
387
389
162
630
391
120
246
394
395
115
396
398
206
401
139
403
404
405
407
413
414
415
416
417
124
421
424
210
429
433
140
434
435
437
438
442
256
452
661
655
659
633
638
712
486
487
494
502
504
290
518
527
529
536
538
37
543
548
550
553
556
559
563
89
585
586
277
594
595
284
598
681
714
688
691
s
101
96
48
311
334
192
296
339
347
348
150
355
356
357
358
155
373
374
377
378
113
389
394
400
404
423
427
428
432
435
441
664
660
633
525
529
553
579
592
597
601
678
671
673
715
680
696
691
694
695
s
279
56
97
307
169
312
314
188
172
51
49
267
160
119
335
286
241
296
220
347
150
354
356
357
358
297
299
254
363
203
233
208
372
152
257
193
226
247
377
378
381
382
383
113
386
162
391
120
246
394
395
264
206
401
139
136
407
413
414
416
124
423
432
433
140
434
438
442
445
446
452
143
661
655
657
636
632
712
484
487
494
504
32
518
520
521
523
527
536
37
548
550
551
556
563
571
89
92
580
585
594
595
284
681
714
699
s
291
62
279
59
96
304
305
31
307
48
309
43
311
314
188
172
319
320
323
326
328
5
331
160
119
164
334
286
241
296
339
220
341
342
347
350
352
129
354
265
207
355
356
357
358
299
359
254
365
367
369
370
371
372
373
152
193
226
374
247
375
377
378
382
383
113
385
162
120
246
264
206
400
401
139
136
194
406
407
408
413
414
415
416
230
417
124
420
423
424
426
427
428
429
432
140
435
436
437
438
441
442
443
445
446
455
456
143
648
666
660
636
712
228
484
494
502
511
32
520
521
523
525
527
536
548
551
571
89
92
580
585
595
600
601
702
681
714
715
688
696
699
s
56
97
309
315
158
204
126
332
334
335
261
348
350
150
351
358
362
283
235
203
364
373
257
374
247
376
377
379
262
386
389
630
390
391
393
395
275
115
396
398
401
403
404
407
411
415
417
424
429
435
177
439
256
451
452
662
661
655
659
637
709
710
712
486
290
518
525
529
294
538
37
543
550
553
556
559
563
570
242
584
586
224
277
598
600
607
679
703
681
714
715
688
696
699
s
291
56
144
97
305
30
311
276
315
190
255
317
112
323
51
192
339
220
342
343
55
207
359
235
203
367
185
370
247
380
213
385
387
298
395
400
145
402
408
410
419
105
425
427
17
177
439
103
451
453
656
637
478
482
509
518
520
521
532
294
538
37
539
548
191
570
574
242
584
597
598
607
624
714
715
696
699
701
695
705
706
s
238
96
60
75
82
168
244
368
263
384
111
35
179
661
664
660
658
632
646
713
674
704
677
645
711
85
469
470
285
473
475
481
497
503
515
517
522
98
535
537
41
558
280
565
278
577
116
702
703
683
714
682
714
695
697
699
701
705
706
707
718
s
101
59
96
31
73
34
169
245
30
310
311
313
276
255
317
112
219
324
49
326
328
5
331
55
345
352
359
132
155
380
393
405
17
666
656
658
632
78
228
477
482
147
253
510
512
513
514
269
551
191
590
222
627
673
702
715
680
688
687
692
697
705
s
101
59
144
303
71
93
305
73
80
34
308
30
310
313
314
188
172
320
322
324
292
330
119
335
336
341
24
345
129
297
363
233
208
185
371
376
379
386
398
139
402
136
406
410
413
420
425
430
140
434
103
450
453
454
662
661
667
652
655
659
646
638
709
710
711
643
467
501
170
516
221
531
42
540
557
566
567
69
578
609
610
678
679
671
640
673
681
714
715
680
685
688
696
686
689
705
706
719
720
s
101
59
238
144
97
305
73
80
34
30
313
314
188
172
320
333
348
412
663
667
634
646
711
641
643
260
488
498
500
524
268
569
702
703
683
681
682
687
699
720
s
291
62
279
144
97
304
31
34
48
323
5
261
132
630
456
143
662
648
672
634
228
678
671
640
673
715
680
685
688
696
686
719
720
s
59
96
305
188
326
295
328
84
240
331
164
342
352
353
299
359
365
367
369
370
372
152
226
375
385
392
401
407
408
414
415
417
424
429
436
438
442
443
455
662
648
661
664
667
652
655
659
672
646
638
709
710
711
643
228
80
138
542
549
552
50
561
175
572
591
232
622
626
628
678
679
671
640
673
80
702
703
715
680
685
688
696
714
686
700
708
717
720
s
101
97
80
48
245
43
311
322
267
160
126
334
201
286
296
339
347
44
351
354
355
356
357
358
283
373
374
377
378
113
391
397
264
400
194
411
230
423
426
427
431
435
648
652
676
666
654
660
636
646
638
645
709
710
711
47
78
214
508
125
165
544
137
272
293
80
616
617
619
625
639
671
675
673
702
681
714
715
685
688
696
682
686
700
716
721
s
291
62
144
67
71
304
31
73
307
34
309
43
311
313
314
319
320
27
5
241
343
55
254
132
380
382
383
630
298
399
418
419
105
17
445
456
143
652
656
672
637
633
467
108
489
182
513
514
523
528
532
41
551
191
575
590
614
222
623
639
671
640
673
702
703
680
685
688
698
682
714
686
687
689
690
691
692
693
694
695
697
699
700
701
705
706
707
717
718
719
720
721
s
62
144
34
112
219
292
349
265
360
132
193
213
387
162
630
120
246
405
416
124
421
210
437
456
143
664
652
653
666
654
659
636
633
704
677
643
492
493
497
20
530
536
541
546
560
589
602
215
611
184
679
671
670
673
702
680
685
688
696
686
689
700
705
706
707
708
718
719
720
721
s
62
238
96
60
312
314
267
160
126
286
350
351
354
265
355
362
283
254
263
193
226
247
113
262
388
162
391
120
246
115
264
403
194
411
416
230
423
428
432
433
437
443
445
446
179
450
452
455
143
653
666
657
636
633
635
646
713
674
704
711
470
471
473
494
500
502
504
290
511
32
520
98
536
268
543
280
559
563
565
571
92
580
583
586
587
277
595
284
601
714
715
688
696
682
686
689
695
700
707
718
719
720
s