238
95
94
97
96
93
60
75
82
263
384
179
469
471
472
285
473
474
475
481
490
515
517
98
534
537
41
558
280
116
s
60
75
263
470
471
472
473
474
475
515
517
98
524
211
534
537
268
41
554
558
280
565
569
116
270
674
s
279
56
238
60
306
307
80
312
314
188
158
267
160
126
119
335
286
241
296
220
347
44
150
351
354
265
356
357
358
168
297
299
362
244
283
254
363
203
233
208
263
372
152
257
193
226
247
377
378
381
382
383
113
262
386
387
388
162
391
120
246
394
395
115
264
206
401
139
136
403
194
407
411
412
413
414
35
416
230
124
423
426
210
431
432
433
140
434
437
438
442
445
446
179
452
143
459
465
131
231
470
473
484
487
491
492
493
494
497
500
501
502
503
504
290
214
508
511
32
516
518
519
520
521
523
98
526
527
536
165
37
268
543
548
550
195
551
552
556
280
559
560
563
565
89
92
578
580
581
585
586
587
293
277
594
595
284
599
602
619
621
625
626
674
s
291
279
56
238
66
304
31
73
48
104
309
75
158
204
323
5
332
174
82
348
350
353
235
203
263
257
247
384
388
390
275
411
412
177
439
179
451
637
636
632
634
633
635
646
641
643
64
228
469
285
475
480
481
488
490
498
500
515
98
524
211
526
537
37
268
554
558
280
565
569
570
242
583
584
607
116
270
677
s
95
94
97
96
93
9
128
104
8
53
36
638
645
202
251
154
301
123
63
25
87
11
70
16
13
141
197
249
234
65
505
76
173
106
250
88
86
266
639
6
248
77
127
187
21
176
54
23
100
121
216
629
178
274
671
673
675
676
685
s
62
238
60
306
307
80
309
312
314
188
172
319
320
267
160
126
119
286
241
296
220
341
44
350
351
129
354
265
207
355
356
357
168
362
244
283
254
263
369
371
372
152
193
226
247
375
382
383
113
262
387
388
162
391
120
246
115
264
206
139
136
403
194
406
411
413
35
416
230
124
420
422
423
426
210
428
431
432
433
140
436
437
441
442
443
445
446
449
179
452
455
456
143
459
465
131
231
469
470
471
472
285
473
474
475
480
481
484
488
491
492
493
494
497
500
501
502
503
504
290
214
508
511
32
516
519
520
521
523
98
526
536
165
268
543
546
548
195
551
552
280
559
560
563
565
566
571
89
92
577
578
580
583
585
586
587
293
277
595
284
599
601
602
619
621
625
626
711
s
279
56
238
60
306
307
80
312
314
188
158
267
160
126
119
335
286
241
296
220
347
44
150
351
354
265
356
357
358
168
297
299
362
244
283
254
363
203
233
208
263
372
152
257
193
226
247
377
378
381
382
383
113
262
386
387
388
162
391
120
246
394
395
115
264
206
401
139
136
403
194
407
411
412
413
414
35
416
230
124
423
426
210
431
432
433
140
434
437
438
442
445
446
179
452
143
648
465
131
231
470
473
484
491
492
493
494
497
20
500
501
502
503
290
214
508
510
511
32
516
518
519
520
521
523
98
526
527
530
536
165
37
268
543
548
550
195
551
552
556
280
559
560
563
565
89
92
578
580
581
587
293
277
594
595
284
599
602
619
620
621
625
626
s
238
318
174
82
263
155
384
388
389
394
404
432
441
29
179
651
469
472
285
473
475
491
529
579
597
603
676
682
s
56
315
172
158
51
126
332
333
334
174
335
261
348
150
351
353
358
362
283
235
203
364
373
257
374
376
377
379
262
386
389
630
390
391
393
395
275
115
396
398
206
401
403
404
407
411
412
415
417
424
429
435
256
452
657
636
486
290
518
525
529
294
538
37
543
550
195
553
556
559
563
568
571
278
92
242
584
586
224
277
598
600
613
s
291
56
144
304
305
306
80
48
309
315
190
318
8
172
205
319
14
320
142
158
204
51
164
192
336
338
339
220
341
342
24
343
82
44
129
265
207
168
244
235
203
365
367
368
369
370
371
247
375
387
298
395
399
400
145
402
406
408
111
409
410
412
35
419
420
421
422
425
426
210
427
430
431
436
17
177
439
441
29
103
447
449
450
451
453
454
456
458
637
463
131
151
231
260
285
478
483
492
497
501
503
214
508
516
518
519
520
521
522
524
211
526
532
534
294
535
538
37
539
548
33
557
558
560
561
175
567
568
258
570
278
572
574
242
577
579
583
584
293
591
592
593
597
598
602
603
607
614
621
623
624
625
626
714
s
20
33
56
57
59
62
69
73
75
80
82
98
101
124
131
136
138
146
147
148
162
163
164
165
166
167
168
169
170
193
194
195
201
205
210
211
213
215
218
219
220
229
232
246
252
254
255
256
257
258
260
265
269
271
272
273
274
348
349
383
384
385
386
387
388
418
419
511
512
610
611
619
625
694
633
659
s
62
238
303
67
71
66
306
307
309
310
130
319
14
27
324
119
332
82
350
263
257
384
275
179
451
655
637
636
632
634
633
635
469
209
285
475
481
490
515
243
98
537
558
280
565
116
270
647
s
101
59
28
31
73
34
169
245
30
310
311
313
276
130
255
317
205
19
4
14
321
112
219
323
49
331
339
340
343
55
352
359
361
366
185
132
155
380
213
385
393
39
405
408
111
35
146
105
17
440
444
448
457
459
632
646
643
460
461
462
151
64
228
260
85
70
482
147
253
287
492
495
20
170
506
507
509
512
513
125
516
138
535
42
269
540
542
137
549
551
50
191
576
133
578
582
588
589
590
596
597
252
215
611
615
616
619
222
626
184
673
682
684
s
9
59
90
93
94
95
96
97
104
116
119
126
132
133
135
136
140
143
144
146
148
150
152
158
160
161
162
165
167
168
170
172
177
179
180
272
292
293
294
296
297
298
360
361
362
364
365
367
417
456
501
612
641
660
s
101
59
28
238
60
31
73
80
34
169
245
30
310
311
313
276
130
255
317
19
321
112
219
324
49
326
328
5
331
267
160
126
286
340
55
345
346
44
351
352
354
168
359
244
283
366
132
155
388
391
264
39
194
405
35
146
440
446
448
457
656
460
461
462
465
78
64
228
85
13
471
476
477
478
480
481
482
483
147
253
484
287
486
487
488
495
20
170
273
510
512
513
125
221
138
533
42
269
539
541
542
137
552
556
280
50
563
577
580
582
588
589
590
608
610
215
611
616
222
712
717
671
s
66
315
130
205
112
219
204
323
334
174
261
348
351
353
265
362
283
373
193
376
379
262
213
387
388
162
390
120
246
393
275
398
403
405
411
415
416
417
124
146
421
210
433
435
437
256
179
452
633
462
131
260
470
473
480
486
488
492
493
494
497
498
20
65
500
501
502
170
273
503
504
290
516
517
98
524
525
211
529
138
294
536
42
268
543
550
554
33
557
559
560
565
569
258
89
242
578
584
585
224
293
277
595
284
602
610
215
611
613
615
619
625
626
676
s
101
67
66
169
48
43
311
324
49
326
328
84
292
5
330
57
334
201
192
337
296
339
344
153
345
346
347
348
349
150
355
356
357
358
360
155
373
374
377
378
113
384
389
392
394
397
39
400
404
423
427
428
432
435
441
447
660
635
646
643
460
461
45
151
78
64
228
469
472
271
476
477
72
22
490
491
495
273
510
512
514
525
223
528
529
221
531
533
42
159
541
135
542
544
546
137
553
555
50
564
572
576
579
587
272
589
592
597
601
198
603
608
609
610
613
616
617
618
222
232
622
627
671
672
677
682
s
2
13
14
20
23
31
32
33
34
35
37
38
42
43
44
45
47
48
49
50
56
59
60
64
66
67
71
72
74
78
80
84
85
89
91
99
242
243
244
245
246
247
252
253
254
255
256
258
260
262
264
295
311
327
328
329
330
386
387
419
457
477
617
620
631
638
641
642
s
62
28
144
34
205
112
219
161
292
57
261
349
265
360
362
132
193
213
387
162
630
120
246
134
403
405
416
124
146
421
210
433
437
179
452
456
143
633
641
643
462
212
131
58
470
473
492
493
494
497
498
218
20
65
239
500
501
502
170
273
229
503
504
290
516
98
530
138
536
42
135
543
555
33
557
559
560
567
69
578
272
293
277
593
595
284
86
602
604
610
215
611
619
232
625
626
677
715
s
291
62
28
144
67
71
304
31
73
307
34
309
43
311
312
313
314
319
19
14
320
27
5
57
241
340
343
261
55
254
364
366
132
380
381
382
383
630
298
390
393
396
399
418
419
422
105
17
445
448
456
143
459
638
251
212
467
260
148
58
85
11
108
476
489
182
513
514
243
523
236
223
528
532
41
163
551
554
191
567
69
575
133
582
588
590
224
593
594
596
614
222
623
640
117
100
672
682
715
s
4
660
636
638
645
641
643
45
231
141
505
243
236
259
106
50
10
99
680
2
s
1
291
62
279
28
144
303
67
71
304
31
34
48
43
107
27
36
161
322
323
295
84
240
292
5
330
57
201
337
261
344
153
349
360
132
630
392
397
456
143
646
641
464
212
45
466
467
64
228
148
58
209
271
167
108
72
489
22
218
499
229
171
182
514
243
236
223
528
530
531
159
183
135
544
163
555
562
564
567
69
575
272
593
198
604
609
617
618
620
166
232
622
628
671
675
676
s
7
9
12
20
28
30
34
35
50
57
58
59
67
72
73
74
75
78
80
81
83
84
86
88
90
101
102
104
108
111
114
117
118
122
125
128
147
149
164
172
180
200
201
202
216
223
227
228
236
237
240
250
266
272
292
302
303
305
327
344
345
392
466
467
468
499
505
542
605
612
635
641
643
685
s
130
205
112
219
161
204
323
292
349
265
360
193
213
387
162
120
246
134
405
416
124
146
421
210
437
633
641
462
131
260
167
22
492
493
494
497
498
288
218
20
499
239
501
502
170
273
229
503
171
509
510
511
512
32
516
530
138
536
42
189
135
156
555
33
557
560
69
258
89
578
585
272
293
595
599
602
604
610
215
611
615
619
232
625
626
680
s
101
67
169
48
9
43
311
205
112
219
161
324
49
326
328
84
292
329
5
330
57
201
192
337
339
344
153
345
346
349
265
360
155
213
387
392
397
39
400
134
405
146
421
210
427
441
447
652
660
659
633
638
460
461
462
131
45
151
78
25
87
64
228
271
476
477
72
22
492
493
495
497
288
218
20
499
65
239
501
170
273
229
503
171
509
510
512
514
516
223
528
221
530
531
138
533
42
159
541
189
135
156
542
544
137
555
33
557
560
50
564
69
572
576
74
578
579
272
589
293
592
597
198
602
603
604
606
608
609
610
215
611
616
617
618
222
232
622
625
626
627
54
680
685
s
302
306
80
169
245
172
322
325
51
49
267
160
200
286
44
354
168
244
264
206
194
35
230
426
431
636
641
460
465
78
506
214
507
508
125
521
236
524
165
250
540
541
79
552
118
88
571
278
92
589
252
617
679
682
s
101
291
59
302
180
304
305
31
306
80
169
308
48
9
245
43
311
172
322
323
325
51
49
326
295
327
328
84
240
329
5
196
331
200
164
201
338
339
342
346
44
352
168
359
244
365
367
369
370
375
385
392
397
39
400
408
35
426
427
431
436
444
447
449
654
655
657
636
460
151
78
25
64
468
228
11
13
141
249
495
505
506
214
507
508
125
173
217
236
221
531
533
106
250
540
541
542
544
545
79
137
118
50
175
88
278
572
576
589
591
606
609
252
616
617
628
157
685
s
291
67
304
31
73
307
309
313
314
276
316
190
255
317
319
14
320
27
142
204
5
196
241
220
343
350
207
254
366
247
382
383
298
399
145
418
419
422
105
177
439
445
448
451
637
641
231
466
148
85
108
476
243
519
520
521
522
523
259
223
526
532
163
110
547
548
549
570
573
574
582
583
237
590
596
198
607
612
614
620
166
621
623
669
682
s
291
144
67
304
305
31
73
306
80
48
309
313
276
316
190
255
317
8
172
205
319
14
320
53
27
142
204
51
5
196
164
192
336
338
339
341
342
24
343
44
129
265
207
168
244
365
366
367
368
369
370
371
375
387
298
399
400
145
402
406
408
111
409
410
35
418
419
420
421
422
105
425
426
210
427
430
431
436
17
177
439
441
103
447
448
449
450
451
453
454
456
458
653
637
641
463
131
151
231
466
260
148
85
108
476
478
483
492
497
501
503
505
214
508
243
516
522
259
223
532
535
539
163
110
547
549
33
557
560
191
175
567
258
570
278
572
573
574
579
582
583
237
590
293
591
592
593
596
597
198
602
603
607
612
620
166
624
626
178
685
s
62
28
144
34
90
312
19
57
340
261
55
132
380
17
454
456
143
459
632
641
212
58
181
22
171
509
510
511
512
32
182
281
513
514
528
551
191
227
567
91
575
133
588
593
594
599
222
672
676
s
101
59
28
144
31
73
34
169
245
128
90
30
310
311
313
314
276
130
255
317
205
19
4
14
321
36
112
219
323
49
57
331
339
340
343
55
352
359
361
366
185
132
155
380
213
385
39
405
408
111
35
146
105
17
440
444
448
456
457
652
655
658
632
638
641
460
461
462
251
151
63
64
228
260
58
85
70
482
147
253
287
181
22
234
492
495
20
170
506
507
171
509
510
512
182
281
513
76
514
125
516
528
138
535
42
269
540
542
137
549
50
191
227
567
91
575
576
133
578
582
588
589
590
593
596
597
86
252
215
611
615
616
619
222
626
184
127
23
117
100
673
675
685
s
1
101
59
28
303
71
180
73
34
308
9
128
104
90
30
310
313
4
321
36
322
323
324
325
292
329
5
196
330
200
345
361
185
134
638
645
641
461
251
149
301
123
63
25
87
68
467
64
468
228
11
70
209
16
13
46
141
197
249
234
65
505
281
76
173
106
250
110
79
562
88
91
83
237
86
605
608
612
622
266
184
117
100
671
673
675
680
682
s
303
67
71
31
73
307
308
104
30
310
14
321
27
324
196
330
119
336
341
24
345
129
361
368
185
371
399
402
136
111
409
410
413
418
425
430
140
103
448
450
453
454
455
458
634
641
461
463
45
467
468
148
209
496
558
562
566
83
605
608
612
622
184
109
248
676
678
680
s
291
28
144
303
67
71
304
31
73
34
308
48
104
90
30
43
310
316
14
321
27
36
161
322
323
324
295
327
84
240
292
329
5
196
330
57
201
336
337
341
24
344
153
345
349
129
360
361
368
185
132
371
392
397
399
402
406
111
409
410
413
418
425
430
103
448
450
453
454
456
458
634
641
461
463
464
45
149
301
68
466
467
64
468
228
148
58
70
209
271
167
108
186
72
485
489
181
22
234
288
282
218
499
229
171
182
514
243
236
223
528
530
531
535
159
183
135
156
544
163
547
555
118
561
562
227
564
567
69
91
83
575
74
272
593
198
604
605
606
608
609
612
617
618
620
166
232
622
184
628
109
6
248
629
673
687
685
s
1
180
9
128
104
4
36
325
295
327
84
240
329
196
200
392
134
638
251
301
123
63
25
87
68
468
15
11
70
16
13
46
141
197
249
234
65
505
281
76
173
217
106
250
545
110
79
88
91
83
237
86
612
266
628
117
100
673
675
685
s
1
53
638
641
154
68
13
46
86
639
640
6
77
187
21
100
7
10
107
102
685
s
638
639
640
641
18
176
9
54
13
187
6
86
77
21
1
52
100
68
15
675
686
s
61
3
15
68
100
53
52
149
46
1
639
638
720
686
s