96
101
238
144
66
60
305
80
30
313
314
188
75
172
320
174
82
348
353
263
384
388
390
411
412
179
634
260
469
285
475
480
481
488
498
500
515
98
524
211
537
268
558
280
565
569
116
s
238
60
75
82
168
244
368
263
384
111
35
179
632
469
470
472
285
473
474
475
481
497
503
515
517
522
98
526
535
537
41
554
558
280
565
278
577
116
682
s
238
144
304
60
305
80
48
245
309
312
190
172
319
320
51
267
160
126
333
164
286
192
336
339
341
342
24
343
44
351
129
354
265
207
362
283
365
367
263
369
370
371
193
375
262
387
388
162
298
391
120
246
115
264
399
400
145
402
403
194
406
408
410
411
412
416
230
418
419
420
421
425
426
210
427
430
431
433
436
437
17
177
439
441
103
449
179
450
451
452
453
454
456
635
470
471
473
478
483
494
500
502
504
290
511
32
98
532
536
539
268
543
280
559
191
563
565
570
574
579
581
586
587
592
277
595
284
597
599
607
614
623
624
s
56
309
315
158
204
126
332
334
335
261
82
348
350
150
351
353
358
362
283
235
203
364
373
257
374
247
376
377
379
262
386
389
630
390
391
393
395
275
115
396
398
401
403
404
407
411
415
417
424
429
435
177
439
256
451
452
637
486
290
518
525
211
529
294
538
37
543
550
553
556
558
559
563
570
242
584
586
224
277
598
600
607
621
270
38
s
101
180
80
48
9
245
104
43
311
322
325
329
267
160
126
200
334
201
286
296
339
347
44
351
354
355
356
357
358
283
373
374
377
378
113
391
397
264
400
134
194
411
230
423
426
427
431
435
251
154
47
78
123
63
25
87
11
70
16
13
141
197
249
234
65
505
214
508
281
76
125
173
106
165
250
189
225
544
110
79
137
88
91
94
83
272
237
293
86
252
612
616
617
619
266
625
187
21
100
121
s
62
238
304
60
80
48
309
312
314
190
172
319
320
267
160
126
164
286
192
336
341
342
24
44
350
351
129
354
265
207
355
362
283
254
365
263
369
370
371
193
226
247
375
113
262
387
388
162
298
391
120
246
115
264
399
145
402
403
194
406
410
411
416
230
418
419
420
421
423
425
426
210
428
430
431
432
433
436
437
17
177
439
441
443
445
446
179
450
452
453
454
455
456
143
635
470
471
473
483
494
500
502
504
290
511
32
520
98
532
536
268
543
280
559
191
563
565
570
571
92
574
579
580
583
586
587
592
277
595
284
601
607
614
623
s
62
66
307
315
319
14
119
334
174
261
348
351
353
362
283
373
376
379
262
388
390
393
275
398
411
415
417
435
634
480
486
488
498
500
524
525
211
529
294
268
543
559
565
569
278
242
577
133
583
584
224
596
600
603
647
681
682
683
s
60
75
333
263
637
151
470
472
473
474
475
515
517
41
33
258
278
577
613
s
279
56
307
169
312
314
188
172
51
49
267
160
119
174
335
286
241
296
220
347
150
354
356
357
358
297
299
254
363
203
233
208
372
152
257
193
226
247
377
378
381
382
383
113
386
162
391
120
246
394
395
264
206
401
139
136
407
413
414
416
124
423
432
433
140
434
438
442
445
446
452
143
459
636
632
484
487
494
504
32
518
520
521
523
527
536
37
548
550
551
556
563
571
89
92
580
585
594
595
284
682
s
291
56
144
305
30
311
276
315
316
190
255
317
318
112
323
51
192
339
220
342
343
82
55
207
359
235
203
367
185
370
247
380
213
385
387
298
395
400
145
402
408
410
419
105
425
427
17
177
439
103
451
453
637
231
285
478
482
509
518
520
521
524
211
532
534
294
538
37
539
548
558
191
570
574
242
584
597
598
607
624
s
498
529
584
524
543
569
613
48
177
224
262
268
275
290
297
307
334
351
372
377
378
379
391
393
394
403
407
415
449
455
518
598
630
504
525
538
581
203
241
247
254
257
260
299
306
335
347
348
356
382
389
398
401
406
412
417
420
571
579
607
399
502
591
85
92
129
204
336
350
380
418
422
436
446
450
453
42
49
57
64
78
111
135
160
163
169
198
205
212
215
222
273
282
682
683
s
303
67
71
307
310
315
319
27
36
324
119
334
174
261
348
351
353
362
283
373
376
379
262
388
390
393
275
398
411
415
417
435
634
209
480
486
488
498
500
243
524
525
211
529
294
268
543
559
562
565
569
242
584
224
600
117
680
684
s
101
59
28
300
31
73
34
169
245
30
310
311
313
276
255
317
19
112
219
324
49
326
328
5
331
55
345
352
359
132
155
380
393
405
17
459
632
78
228
477
482
147
253
510
512
513
269
551
191
590
222
627
s
279
59
305
31
73
34
169
245
30
310
311
313
188
276
255
317
75
205
112
219
323
49
326
328
331
164
339
342
343
55
352
353
299
359
365
367
185
132
369
155
370
372
152
226
375
380
213
385
401
405
407
408
414
415
417
424
105
429
436
438
442
443
444
455
635
228
475
482
147
253
509
512
513
527
537
269
569
590
597
600
222
680
s
101
238
60
80
169
245
324
49
326
328
5
331
267
160
646
126
286
345
44
351
354
283
155
388
391
264
194
440
446
457
636
635
460
78
228
477
478
480
481
482
483
147
253
484
287
486
487
488
510
512
533
269
539
556
280
563
580
198
222
624
627
682
s
279
56
307
312
188
315
112
219
323
267
160
126
332
335
286
261
347
150
351
646
354
265
357
358
297
299
362
283
363
235
203
364
233
208
372
257
193
374
376
377
378
381
383
262
213
386
387
389
162
630
391
120
246
394
395
115
396
398
206
401
139
403
404
405
407
413
414
415
416
417
124
421
424
210
429
433
140
434
435
437
438
442
256
179
452
459
633
131
470
473
486
487
494
498
500
502
504
290
517
518
98
527
529
536
538
37
543
548
550
553
556
559
563
89
638
585
586
277
594
595
284
598
680
s
101
66
48
311
334
192
296
339
346
347
348
150
355
356
357
358
155
373
374
377
378
113
384
389
394
400
404
423
427
428
432
435
441
447
448
633
45
469
472
491
495
525
529
553
576
579
582
592
597
601
615
s
238
351
372
377
378
379
391
415
525
283
286
358
381
435
155
356
382
563
535
539
541
544
582
588
597
611
625
33
126
331
476
245
267
42
311
337
118
345
545
20
27
67
71
74
148
166
236
s
62
144
34
112
219
261
265
362
132
193
213
387
162
630
120
246
403
405
416
124
146
421
210
433
437
179
452
456
143
636
633
462
470
492
493
20
273
506
507
541
546
560
589
602
608
215
611
184
682
s
291
62
144
304
31
73
307
34
309
311
312
313
314
319
320
5
241
340
343
261
55
254
364
132
380
381
382
383
630
634
636
298
390
393
396
399
418
419
105
17
445
456
143
459
637
633
463
212
476
513
523
532
41
551
191
588
590
224
594
614
222
623
s
357
358
371
374
381
395
396
404
414
429
431
435
456
486
536
559
586
592
195
242
277
428
487
527
568
594
32
56
101
103
155
158
164
165
193
203
241
247
254
257
260
299
306
335
347
348
356
382
389
398
401
406
412
417
420
423
426
430
433
445
459
484
521
523
550
563
580
585
253
284
548
587
599
602
37
508
509
514
567
570
229
365
497
522
557
561
566
596
5
14
17
19
59
125
278
305
322
215
222
273
282
311
337
349
589
609
617
627
84
183
218
489
606
122
612
50
58
90
106
196
237
239
249
259
327
468
505
79
91
2
s
291
62
279
144
304
31
34
48
321
323
5
340
261
346
361
366
132
630
146
440
444
448
456
457
143
634
464
228
476
287
273
506
507
533
541
576
582
588
198
608
615
680
682
s
144
304
305
80
95
48
245
309
312
190
172
319
320
112
219
322
51
292
267
160
126
200
164
286
192
336
339
341
342
24
343
349
44
351
129
354
265
207
360
362
283
365
367
369
370
371
193
375
262
213
387
162
298
391
120
246
115
264
399
400
145
134
402
403
194
406
408
410
411
416
230
418
419
420
421
425
426
210
427
430
431
433
436
437
17
177
439
441
103
450
451
452
453
454
456
635
78
123
466
467
478
483
22
249
494
502
504
290
505
509
510
511
512
32
532
536
539
543
79
559
191
563
88
570
574
579
586
592
277
595
284
597
86
607
614
623
624
s
279
56
307
312
188
315
112
219
161
323
292
267
160
646
126
332
335
286
261
347
349
150
351
354
265
357
358
297
299
360
362
283
363
235
203
364
233
208
372
257
193
374
376
377
378
381
383
262
213
386
387
389
162
630
391
120
246
394
395
115
396
398
206
401
134
139
403
404
405
407
413
414
415
416
417
124
421
424
210
429
433
140
434
435
437
438
442
256
452
633
167
486
487
494
65
239
502
504
290
518
527
529
536
538
37
543
548
550
553
556
559
563
89
585
586
277
594
595
284
598
s
101
303
67
71
48
43
311
27
161
322
295
84
240
292
329
330
334
201
192
296
339
344
153
347
348
349
150
355
356
357
358
360
155
373
374
377
378
113
389
392
394
397
400
404
423
427
428
432
435
441
633
47
467
58
167
108
72
22
499
182
514
525
528
529
159
183
163
553
74
579
592
597
601
618
166
628
274
680
s
279
56
302
306
307
169
312
314
188
172
325
51
49
267
160
119
335
286
241
296
220
347
150
354
356
357
358
297
299
254
363
203
233
208
372
152
257
193
226
247
377
378
381
382
383
113
386
162
391
120
246
394
395
264
206
401
139
136
407
413
414
416
124
423
432
433
140
434
438
442
445
446
452
143
636
632
465
148
484
487
494
504
32
518
520
521
523
527
536
37
548
550
551
556
563
571
89
92
580
585
594
595
284
s
291
62
279
59
304
305
31
307
308
48
309
43
311
314
188
172
319
320
323
326
295
327
328
84
240
329
5
331
160
119
164
334
201
286
241
296
339
220
341
342
347
350
352
129
354
265
207
355
356
357
358
299
359
254
365
367
369
370
371
372
373
152
193
226
374
247
375
377
378
382
383
113
385
162
392
120
246
397
264
206
400
401
139
136
194
406
407
408
413
414
415
416
230
417
124
420
423
424
426
427
428
429
432
140
435
436
437
438
441
442
443
445
446
455
456
143
636
468
228
13
141
484
494
502
511
32
173
217
520
521
523
525
527
106
536
545
548
551
118
571
89
92
580
585
595
600
601
628
157
s
56
309
315
8
53
158
204
126
332
334
335
646
261
348
350
150
351
358
362
283
235
203
364
373
257
374
247
376
377
379
262
386
389
630
390
391
393
395
275
115
396
398
401
403
404
407
409
411
415
417
424
429
435
177
439
29
256
451
452
637
64
486
290
518
525
529
294
538
37
543
550
553
556
559
563
570
242
584
586
237
224
277
598
600
607
166
s
291
56
144
300
305
30
311
276
315
190
255
317
112
142
323
51
192
339
220
342
343
55
207
359
235
203
367
185
370
247
380
213
385
387
298
395
400
145
402
408
410
419
105
425
427
17
177
439
103
451
453
637
231
478
482
509
518
520
521
532
294
538
37
539
548
191
568
570
574
242
584
237
597
598
607
166
624
6
178
s
62
28
144
34
90
312
19
57
340
261
55
132
380
630
17
454
456
143
632
212
58
186
181
22
171
509
510
511
512
32
182
281
513
76
514
528
551
191
227
567
91
575
133
588
593
594
599
86
222
117
674
s
1
144
34
128
90
36
49
57
340
55
132
380
393
52
143
459
652
658
632
251
63
58
70
147
181
22
234
171
509
510
512
32
182
281
513
76
514
528
225
137
191
227
567
91
575
133
588
86
222
77
127
23
117
100
680
s
101
59
144
303
71
305
73
80
34
308
9
104
90
30
310
313
314
188
172
320
322
324
325
292
329
330
200
119
335
336
341
24
345
129
297
363
233
208
185
371
376
379
386
398
134
139
402
136
406
410
413
420
425
430
140
434
103
450
453
454
458
467
13
141
197
249
234
501
170
505
281
76
173
516
221
531
106
42
540
79
557
566
567
88
69
91
83
578
237
86
609
610
612
266
109
248
629
680
s
101
59
238
144
305
73
80
34
9
128
104
90
30
313
314
188
172
320
322
292
57
337
348
412
634
461
260
271
479
186
488
498
288
218
171
243
236
524
223
250
268
547
555
562
564
569
605
620
187
117
100
121
s
291
62
279
144
303
71
304
31
34
646
308
48
90
43
27
161
322
323
295
327
240
329
5
196
330
261
153
132
630
397
456
143
634
301
68
467
228
167
108
72
485
489
282
499
182
514
528
159
183
163
91
575
74
166
628
680
685
s
1
59
305
104
188
325
326
295
327
328
84
240
329
331
200
164
342
352
353
299
359
365
367
369
370
372
152
226
375
385
392
401
134
407
408
414
415
417
422
424
429
436
438
442
443
455
63
228
15
13
141
197
181
249
229
505
281
76
173
217
138
106
542
545
79
549
552
50
561
175
88
91
83
572
237
591
86
606
612
232
622
626
628
680
685
s
1
59
180
305
9
128
104
188
325
326
295
327
328
84
240
5
331
267
164
342
352
353
299
359
365
367
369
370
372
152
226
375
385
392
7
10
107
401
134
407
408
414
415
417
424
429
436
438
442
443
455
154
149
63
68
228
15
13
46
141
197
492
509
76
173
217
138
106
544
545
546
548
553
191
561
175
88
91
83
97
574
237
277
86
606
612
166
623
625
628
639
187
23
100
682
685
s
280
81
266
12
54
414
176
140
252
370
202
229
557
597
199
573
13
187
154
156
21
1
100
68
15
289
122
545
215
616
558
470
232
123
629
38
s
632
633
634
635
636
637
638
639
640
93
367
151
457
461
492
510
555
564
615
39
338
42
49
57
64
78
111
135
160
163
169
198
205
212
345
360
392
485
528
604
40
157
171
181
236
243
266
288
547
605
612
4
109
12
38
530
50
237
496
468
505
130
631
216
79
26
88
76
18
86
77
1
2
46
53
102
3
61
68
100
s
309
470
471
474
475
534
29
41
60
75
82
98
285
363
442
472
473
481
490
515
517
116
558
179
211
263
270
280
384
390
452
469
480
537
565
294
500
554
66
105
139
174
208
238
315
318
353
362
364
376
388
411
424
432
439
488
498
529
584
524
543
569
613
48
177
224
262
268
275
290
297
307
334
351
372
377
378
379
391
393
394
403
407
415
449
455
518
598
630
504
525
538
581
600
115
119
145
150
207
235
256
283
286
332
343
357
358
371
374
381
395
396
404
414
429
431
435
456
486
536
559
586
592
195
242
277
428
487
527
568
594
32
56
101
103
155
158
164
165
193
203
241
247
254
257
260
299
306
335
347
348
356
382
389
398
401
406
412
417
420
423
426
430
433
445
459
484
521
523
550
563
s