72
1
1
1
1
1
72
72
72
80
72
72
72
80
72
70
80
70
80
80
75
80
80
80
80
150
85
96
121
80
s
160
160
120
160
160
160
160
160
120
120
120
2
2
2
120
2
2
120
2
2
98
9
22
31
2
32
s
16
10
1
1
1
20
1
36
10
20
10
36
44
4
16
10
44
16
16
16
16
1
10
1
44
1
16
20
10
1
16
16
1
1
1
10
16
10
16
16
1
20
16
10
20
10
10
10
16
16
16
20
10
1
10
1
1
36
20
32
40
16
8
2
16
16
8
16
16
2
2
8
1
8
16
16
1
40
20
16
8
1
1
1
8
32
16
16
2
16
16
8
8
1
19
8
19
3
1
1
1
1
16
13
18
1
1
19
1
1
1
1
1
41
3
1
1
3
35
1
9
18
9
16
18
1
16
13
43
19
9
1
1
19
9
6
16
19
9
1
1
1
19
1
16
9
1
9
18
16
3
13
1
1
18
28
41
41
18
5
30
1
1
64
s
12
12
1
48
48
12
12
64
12
8
1
64
1
1
12
12
1
48
64
32
1
32
1
1
32
1
1
48
48
32
12
32
1
1
1
48
1
12
12
12
12
12
12
64
32
32
12
12
48
32
32
48
32
48
48
48
32
32
32
32
64
1
48
1
48
32
64
48
64
32
1
4
46
15
10
50
64
10
s
32
32
32
32
32
32
32
32
32
32
32
32
32
32
32
32
32
32
32
32
32
32
32
32
32
32
32
32
32
32
32
32
32
32
32
32
32
32
32
32
32
32
32
32
32
32
32
32
32
180
44
32
32
32
32
32
32
32
32
s
18
1
1
20
10
4
10
4
20
10
10
10
10
4
20
1
18
20
18
18
18
10
4
18
1
10
20
20
10
18
18
10
1
1
4
1
20
1
10
10
10
18
40
20
20
10
18
10
20
1
1
1
38
1
38
20
1
46
8
8
16
1
38
8
1
8
1
20
38
16
8
8
20
20
2
16
2
20
2
8
8
38
8
8
16
20
20
8
1
1
16
8
20
8
38
1
1
2
1
2
2
2
1
2
2
2
2
16
2
12
1
6
46
1
1
1
30
2
6
1
1
1
38
38
1
12
20
16
12
1
16
20
46
1
1
12
8
1
16
28
1
1
1
1
1
12
16
16
20
8
1
20
8
16
1
16
1
1
22
6
30
16
30
5
19
32
1
80
s
16
10
1
1
1
1
1
36
10
20
10
36
44
4
16
10
44
16
16
16
16
1
10
1
44
1
16
20
10
1
16
16
1
1
1
10
16
10
16
16
1
20
16
10
20
10
10
10
16
16
16
20
10
1
10
1
1
36
20
32
40
16
8
2
16
16
8
16
16
2
2
8
1
8
16
16
1
40
20
16
8
1
1
1
8
32
16
16
2
16
16
8
8
1
19
8
20
3
1
20
1
1
16
18
1
1
19
1
13
1
1
1
1
3
1
1
20
3
35
1
9
18
9
16
18
1
16
13
21
3
19
9
1
1
19
9
6
16
19
9
1
1
1
19
1
16
9
1
9
18
13
1
1
18
28
41
41
1
73
21
34
47
1
s
2
2
2
2
2
2
202
2
150
50
150
50
150
2
2
150
2
300
2
2
2
242
160
180
80
50
48
60
s
16
32
1
16
1
24
32
32
32
16
16
32
16
16
32
16
16
32
32
32
16
32
32
16
32
32
16
32
32
16
30
30
16
16
30
16
30
30
30
32
4
16
30
30
16
16
16
32
32
32
30
32
30
16
64
40
32
30
16
32
32
24
32
16
24
16
24
30
16
36
16
24
2
1
1
34
30
30
34
34
30
34
24
s
16
1
16
16
16
8
12
12
8
1
72
32
12
8
8
8
8
8
32
1
12
12
12
16
12
16
8
1
8
16
12
8
1
12
8
8
24
16
12
1
1
12
12
12
8
16
8
2
8
16
16
1
12
12
48
16
8
8
8
12
16
1
8
16
8
12
8
16
8
12
12
12
12
8
16
48
48
8
1
12
12
8
12
12
16
12
8
12
48
12
16
8
48
8
1
12
12
8
16
12
12
12
16
8
1
1
2
1
48
1
1
1
16
1
1
8
1
1
12
1
16
16
1
12
12
12
16
1
12
48
12
12
48
1
8
12
24
1
12
16
12
12
8
1
16
12
48
12
67
17
26
35
8
16
s
18
32
32
32
32
32
8
12
12
32
32
16
12
32
32
32
32
32
16
16
32
16
8
16
8
16
32
32
20
32
32
32
32
32
32
32
32
32
32
48
32
16
16
32
32
32
32
32
32
48
32
32
32
32
32
32
1
32
32
17
16
16
16
16
16
32
32
32
16
16
16
16
16
16
80
76
s
8
8
72
72
72
38
40
36
36
72
72
72
72
72
72
36
36
8
36
8
28
8
8
8
36
80
70
70
70
70
70
70
8
72
8
8
8
8
8
36
8
8
8
117
16
51
78
80
s
8
16
20
16
16
16
8
16
20
16
20
16
16
16
20
16
8
80
2
8
16
20
16
16
8
12
8
64
8
64
16
16
16
16
16
12
8
48
16
16
1
16
16
8
8
8
16
16
1
16
16
16
16
1
20
20
20
8
8
16
8
8
8
8
16
1
16
20
20
16
8
20
16
16
16
16
16
8
40
16
8
16
8
8
16
16
8
8
20
1
8
1
20
20
12
16
48
8
16
20
8
16
16
16
16
64
23
65
68
12
60
20
80
s
2
59
5
1
1
1
1
1
10
48
48
48
48
48
48
48
48
48
48
48
24
24
48
24
48
48
48
48
48
48
48
56
48
48
12
24
56
48
40
46
46
46
48
48
48
48
48
48
48
48
48
16
24
41
s
25
20
12
1
1
20
20
1
20
25
83
12
20
12
20
20
20
12
20
20
20
12
20
24
25
24
18
20
52
1
1
1
1
10
10
20
20
1
1
20
1
1
10
1
1
10
22
24
1
1
1
10
1
20
1
10
4
1
10
24
80
54
24
20
1
44
24
24
10
12
1
16
35
1
1
1
24
1
35
35
1
4
1
1
1
16
10
10
20
20
24
23
44
16
10
23
24
44
1
20
24
24
1
1
1
24
1
1
1
20
20
54
20
16
16
20
39
28
25
23
34
50
s
32
20
1
1
1
1
1
1
32
32
20
45
20
45
1
64
20
32
1
20
32
20
1
1
32
1
40
1
1
32
32
20
16
1
40
20
1
20
1
1
1
1
1
20
1
16
16
4
48
1
1
1
1
1
32
20
32
1
1
1
1
100
1
30
132
1
1
1
1
1
1
16
1
1
10
40
30
32
20
1
40
1
1
32
132
4
40
1
1
64
1
20
40
1
1
30
1
32
1
30
1
30
1
1
1
1
1
1
92
7
20
58
1
36
s
32
24
1
12
1
1
1
16
12
24
24
32
32
16
16
32
1
48
1
72
1
1
24
4
16
48
1
1
32
1
1
1
1
1
24
32
1
1
1
1
1
1
1
24
1
32
1
1
1
1
1
1
1
1
1
1
32
16
32
50
12
12
32
1
16
16
16
1
1
22
24
24
16
24
1
1
1
16
16
12
16
1
16
16
1
34
8
16
12
16
16
24
16
38
1
32
1
32
32
16
1
1
1
1
16
16
1
1
1
22
1
32
48
32
1
32
24
48
23
37
46
24
80
80
48
32
s
5
8
16
36
16
16
32
32
32
36
36
2
16
32
36
20
32
36
36
36
32
36
12
36
32
36
36
36
36
36
36
36
36
36
24
48
36
36
36
36
36
36
36
36
36
36
36
36
36
32
36
36
36
36
36
32
32
16
16
16
32
32
32
32
1
20
30
22
s
10
10
10
10
10
10
10
10
80
10
10
10
10
10
10
10
10
10
10
10
10
10
10
80
10
10
10
10
10
10
10
10
10
10
10
10
10
80
160
80
10
10
10
10
10
10
10
10
10
10
10
10
10
80
80
10
10
10
10
10
80
10
80
10
10
10
10
12
10
12
12
8
12
12
12
12
12
10
12
12
12
12
12
10
12
12
12
12
12
12
12
183
24
49
30
12
80
12
s
8
8
8
8
8
32
8
8
8
8
8
8
48
8
8
8
8
8
8
8
8
8
8
8
8
8
8
8
8
8
8
8
8
8
8
8
8
8
8
8
8
8
8
8
8
8
8
8
8
8
8
8
8
160
31
48
32
48
48
48
48
48
8
8
32
8
8
8
24
8
24
8
8
8
8
48
8
8
8
8
24
64
8
8
8
8
8
8
8
8
8
108
26
74
70
11
120
120
120
s
30
30
80
80
80
250
80
250
30
30
30
375
62
126
257
92
6
60
80
20
s
45
1
1
1
1
1
24
24
18
1
1
1
1
12
6
24
1
24
24
1
24
24
24
16
4
32
32
24
16
1
24
24
16
24
2
1
24
32
1
1
32
32
24
32
16
24
16
2
2
16
64
24
32
24
24
32
8
24
24
24
24
24
24
32
16
16
32
32
32
32
32
32
24
24
16
16
23
32
1
16
8
32
1
16
24
24
24
24
73
33
59
56
32
64
32
32
s
6
45
64
16
24
24
24
8
24
24
24
24
24
24
16
24
16
16
16
16
24
24
20
50
64
48
10
48
24
24
14
24
24
20
24
48
24
45
24
48
50
24
24
8
20
24
24
24
24
24
38
24
24
24
48
20
24
24
32
24
24
24
24
24
24
24
20
24
24
24
30
100
34
30
s
16
8
8
8
48
8
8
40
48
8
48
2
8
8
2
2
2
48
16
2
2
16
8
8
2
160
48
16
8
8
48
48
8
8
2
8
48
48
48
16
48
48
8
2
16
16
48
8
48
8
16
8
16
6
8
48
16
8
16
48
48
48
48
8
8
8
48
8
8
8
8
48
8
8
48
8
48
16
16
16
95
14
67
44
8
20
s
8
24
8
2
40
24
8
2
8
8
24
8
4
2
2
24
24
32
2
24
24
24
2
24
2
24
24
2
2
24
2
24
2
2
2
24
24
2
2
32
2
2
2
2
2
2
2
40
40
80
72
40
2
2
2
2
24
2
2
40
40
2
2
24
2
2
24
24
2
2
2
2
24
24
2
24
40
32
2
2
2
24
2
24
2
2
2
24
2
24
24
2
24
24
2
2
2
24
2
32
24
32
2
24
2
24
2
2
2
2
24
24
2
2
24
2
2
24
2
2
2
2
24
2
2
24
24
2
24
24
2
2
2
24
24
2
24
48
6
14
10
48
24
32
s
40
20
20
40
40
20
20
40
40
40
40
40
40
20
20
20
20
20
20
20
20
20
20
20
20
160
48
20
20
40
40
20
20
20
20
20
40
20
20
40
20
20
40
20
40
40
20
137
38
93
180
40
100
32
s
2
8
8
32
32
8
8
12
2
8
24
32
2
32
24
8
12
8
8
8
32
24
24
2
8
12
8
12
8
32
8
12
8
24
2
12
8
8
8
8
8
8
2
8
2
8
8
8
8
8
8
12
8
8
2
8
8
2
8
2
8
12
8
2
72
48
48
64
8
8
24
32
12
32
12
32
32
32
32
8
32
24
8
8
8
8
32
32
32
12
32
12
32
32
8
8
12
8
32
32
12
32
12
2
32
8
8
8
24
8
32
32
45
15
40
64
40
32
s
16
32
16
24
16
16
2
16
24
24
32
24
24
24
24
24
24
32
24
2
24
32
24
24
24
2
24
24
24
2
24
24
24
24
24
24
24
24
24
2
2
24
24
2
160
48
24
32
32
24
32
24
2
24
24
24
24
24
32
32
2
24
24
2
24
24
24
2
24
24
24
2
2
24
24
24
2
24
16
10
26
50
24
120
46
s
4
4
32
4
4
16
16
4
4
4
4
16
16
32
4
16
16
48
4
4
4
4
4
48
32
4
4
4
16
48
4
4
4
4
4
4
4
4
4
4
4
4
4
4
4
4
16
4
4
4
4
4
4
4
4
4
4
4
4
4
4
4
4
4
4
4
4
4
4
4
4
4
4
4
4
4
4
4
4
4
4
4
4
4
16
4
4
4
4
4
4
4
72
72
24
4
4
4
4
32
4
32
16
32
16
4
4
4
4
4
4
48
4
4
32
4
4
48
32
4
4
4
32
48
48
4
4
4
4
4
4
4
4
4
4
4
48
4
4
16
4
48
16
4
4
4
4
4
4
32
4
4
4
48
146
42
35
97
48
32
s
24
32
32
32
32
24
32
32
32
32
32
64
32
32
64
32
32
32
160
40
32
32
32
32
32
32
32
32
32
32
32
32
32
32
32
32
32
32
32
32
32
32
119
44
100
41
32
120
64
s
1
6
6
12
12
6
12
6
12
32
32
6
12
12
6
12
6
12
6
12
6
6
32
6
12
32
6
6
6
6
32
6
6
6
1
12
6
6
6
6
6
12
1
6
6
6
6
12
6
6
6
6
1
2
6
6
6
1
6
48
48
72
72
48
40
6
6
12
32
6
32
6
6
1
32
6
32
6
12
1
1
32
32
32
6
6
12
12
6
6
32
6
6
6
32
32
12
32
32
6
6
32
1
6
6
6
6
6
6
6
6
4
12
6
32
32
6
6
1
6
6
6
12
6
6
6
32
6
12
6
6
6
6
12
6
9
41
60
85
1
48
48
32
s
48
2
2
2
8
8
8
2
2
8
24
24
24
8
2
2
2
24
1
24
8
1
1
8
8
8
1
8
8
8
1
1
1
8
80
160
40
1
24
48
16
24
24
24
24
64
8
1
8
1
24
24
8
16
24
48
24
24
24
24
24
24
8
24
24
24
24
8
8
8
24
8
8
10
24
8
1
8
127
46
66
75
1
80
80
80
80
64
s
48
48
36
24
24
16
48
32
24
24
24
24
48
24
48
32
16
24
24
24
24
24
24
24
24
24
24
24
16
24
24
24
16
24
24
24
16
24
24
24
24
24
16
24
172
32
24
24
64
48
48
48
32
32
32
32
16
48
48
24
32
32
24
32
32
4
8
4
s
1
1
1
8
8
8
1
1
1
1
16
1
32
8
1
8
1
8
1
1
8
32
8
8
1
1
8
8
8
8
8
16
1
16
8
8
8
1
8
1
1
8
8
1
8
1
8
1
1
1
1
1
8
8
1
1
1
1
1
1
1
1
1
1
1
1
1
1
1
1
1
100
48
1
1
8
8
64
64
64
8
8
1
16
1
8
8
32
8
8
8
8
8
8
8
8
16
8
32
8
8
8
8
8
8
8
8
8
8
8
8
8
8
1
8
8
8
16
8
8
16
8
16
1
8
16
8
1
8
16
16
8
8
8
1
8
8
16
8
1
8
16
8
8
8
8
8
8
1
214
35
106
173
64
48
48
32
s
120
16
32
32
24
24
24
16
16
16
16
16
16
16
16
16
16
120
32
32
32
24
24
24
64
16
80
24
24
32
24
48
24
24
24
24
24
24
16
16
24
16
24
24
16
16
16
24
16
16
16
24
49
42
40
29
48
160
120
120
s
100
100
120
64
100
174
100
100
50
100
100
100
276
113
138
93
10
10
10
70
120
s
238
238
50
3
20
100
30
26
46
46
70
80
71
145
30
200
250
250
95
40
20
s
300
100
300
250
200
200
150
150
150
150
20
38
20
20
s