1
26
90
30
66
27
27
27
27
27
27
27
30
27
27
52
52
52
52
52
52
52
52
52
12
52
40
2
52
52
52
52
52
52
52
52
52
52
52
52
52
52
52
52
52
52
52
s
74
74
74
74
12
12
12
74
74
12
12
74
32
74
74
74
74
74
74
74
74
12
12
74
74
12
74
1
12
74
74
1
74
126
78
22
44
74
8
s
15
20
15
15
15
30
15
15
15
15
15
15
15
15
15
15
15
15
10
15
15
15
15
15
15
15
15
15
30
15
15
15
30
15
15
15
15
15
15
15
15
15
15
15
15
30
15
15
15
15
15
15
15
15
15
15
15
15
15
15
15
15
15
15
10
15
15
15
15
15
15
15
30
30
15
15
30
15
15
15
15
15
15
15
15
1
15
15
15
15
15
15
15
24
14
10
15
15
15
15
15
15
15
15
15
15
10
15
15
15
10
15
15
15
15
15
15
14
14
9
10
13
10
14
14
14
14
14
12
14
14
14
20
s
43
24
20
116
44
20
44
20
20
20
20
20
20
20
20
20
20
20
20
44
44
20
20
44
20
20
20
20
20
20
20
20
20
20
20
21
21
38
21
21
21
21
21
21
21
21
21
21
21
21
21
21
21
21
21
21
34
21
21
21
21
21
21
21
21
44
21
21
21
21
21
21
21
21
44
44
21
21
21
21
21
22
11
6
1
s
26
1
21
22
4
22
28
22
22
22
24
24
22
22
22
40
22
22
22
22
22
22
22
22
22
22
22
22
22
22
20
20
20
20
20
20
20
20
20
43
22
22
22
22
22
22
22
22
1
1
22
22
4
4
4
4
4
4
4
20
20
20
48
4
4
46
48
48
26
20
24
20
20
46
4
12
26
12
12
46
24
48
26
1
25
12
26
46
20
24
26
24
12
24
4
42
4
1
4
4
s
14
15
19
14
28
14
14
14
14
14
14
14
14
14
14
14
14
14
14
14
14
14
14
28
14
14
14
14
26
14
14
14
14
14
14
14
14
14
13
28
13
13
13
13
13
28
13
13
13
13
13
13
13
28
13
13
13
13
28
13
13
13
13
28
13
13
13
13
13
13
28
28
13
13
28
13
13
13
28
13
13
13
13
13
13
13
13
13
13
13
13
13
13
13
36
13
12
13
13
28
13
28
13
13
26
13
13
13
13
13
13
13
13
13
13
13
13
14
13
13
14
14
13
12
13
12
13
13
13
22
14
16
20
14
s
40
64
20
44
5
1
20
44
44
44
44
44
44
44
44
44
44
44
44
44
44
44
44
44
44
44
44
44
25
44
44
44
44
44
44
44
44
44
44
44
44
44
44
44
6
44
6
2
2
41
52
3
36
10
23
5
5
10
s
180
184
12
180
30
1
176
176
176
176
176
176
176
176
20
13
8
11
1
s
18
18
24
70
18
18
18
36
72
72
16
16
17
36
16
16
17
17
17
17
17
17
17
17
17
17
17
17
17
17
17
17
17
17
17
17
17
17
17
17
17
17
17
17
17
17
17
17
17
17
17
17
52
17
17
17
17
17
17
17
17
17
17
17
17
17
17
17
17
17
17
17
17
34
34
17
17
17
17
17
17
17
17
17
17
17
17
17
17
17
17
17
35
17
52
25
16
9
13
23
16
s
18
21
20
20
26
26
72
68
1
100
98
72
1
26
22
22
22
22
21
22
22
22
26
20
26
20
20
22
22
22
20
22
22
22
22
22
20
22
22
22
22
22
22
22
22
22
22
22
22
22
22
22
24
5
20
22
24
22
20
20
20
20
20
22
1
20
20
20
22
20
20
22
22
22
20
56
25
28
67
22
s
22
22
22
22
22
22
22
22
22
22
22
22
22
22
22
22
22
22
22
22
22
22
22
22
22
22
22
22
22
22
22
22
22
22
22
22
22
22
22
22
22
22
22
22
22
22
22
22
22
22
22
22
22
22
22
22
22
22
22
22
22
22
22
22
22
22
22
22
22
22
22
22
22
22
22
22
22
22
22
22
22
22
22
22
22
22
22
22
22
22
22
14
14
8
10
s
23
24
24
22
22
44
22
24
1
22
22
44
44
44
44
44
44
44
44
44
44
44
44
44
44
44
44
44
44
42
42
42
16
4
42
42
42
42
42
15
42
42
42
42
42
42
42
42
1
42
42
54
43
45
56
12
3
1
s
32
32
1
94
37
32
32
32
32
32
32
32
32
32
32
32
1
32
32
32
30
30
30
30
30
94
30
30
30
30
30
62
62
30
62
63
40
30
30
30
30
30
30
30
30
94
30
136
67
46
47
30
s
20
45
20
27
22
22
24
22
22
22
22
22
20
22
22
22
20
1
22
22
22
24
72
72
45
20
20
20
20
22
44
20
20
44
22
22
22
22
22
24
22
22
22
22
22
22
22
44
22
22
22
44
22
22
22
22
22
22
22
22
22
22
6
22
30
44
22
22
22
22
22
24
22
22
22
22
44
24
26
39
20
3
s
30
28
35
28
30
92
30
30
30
30
30
54
92
92
4
92
24
30
28
28
28
28
30
28
28
28
28
8
28
8
48
48
1
54
30
54
28
28
28
28
28
28
28
28
8
28
28
28
30
30
8
30
30
30
30
30
55
10
35
46
42
12
s
9
13
17
10
10
10
54
54
24
10
10
10
10
12
12
12
12
12
12
4
12
28
12
12
12
12
42
12
12
12
12
12
12
12
12
12
24
12
12
12
12
12
12
12
24
12
24
12
20
12
12
20
32
12
12
12
12
12
12
12
12
32
12
24
12
12
12
12
32
12
20
24
12
24
12
32
12
12
12
20
12
12
32
20
32
12
28
1
20
20
12
12
20
20
20
20
32
32
20
12
20
12
12
32
12
12
20
12
26
12
12
32
12
20
6
20
12
32
12
14
32
15
3
s
50
46
48
50
46
48
46
46
10
46
46
46
46
46
46
46
50
46
46
46
46
46
46
46
46
58
46
46
46
46
46
46
46
1
10
58
1
46
46
1
17
46
46
46
10
48
10
48
48
46
10
s
44
44
44
44
44
44
44
44
44
44
44
44
44
44
44
44
44
44
44
44
44
44
44
44
44
44
44
44
44
44
44
44
44
44
44
44
44
44
44
44
44
44
44
44
44
44
24
s
44
44
59
50
50
44
44
44
50
44
44
44
44
44
50
50
50
50
50
50
10
50
50
50
50
50
50
50
50
30
30
1
50
72
72
50
10
10
10
10
44
46
50
46
10
50
50
30
18
s
34
33
46
41
34
34
34
34
66
24
36
36
36
36
36
36
36
8
36
24
36
36
44
36
36
36
36
36
36
18
18
36
36
36
36
36
36
36
36
36
36
36
36
36
30
30
1
1
8
36
36
36
36
36
36
8
36
36
36
36
36
38
s
16
16
16
16
16
16
16
16
16
16
16
16
16
16
16
16
16
16
16
16
16
16
16
16
16
16
16
16
16
16
16
16
16
16
16
16
16
16
16
16
16
16
16
16
16
16
16
16
16
16
16
16
16
16
16
16
16
16
16
16
16
16
16
16
16
16
16
16
16
16
16
16
16
16
16
16
16
16
16
16
16
16
16
16
16
16
16
16
16
16
16
16
16
16
16
16
16
16
16
16
16
16
16
16
16
16
16
16
16
16
16
16
16
4
16
16
16
16
16
16
16
16
16
16
16
16
16
16
10
2
s
140
70
140
70
151
152
80
142
12
130
148
12
64
12
12
12
80
64
24
12
12
12
64
12
64
60
1
96
12
12
12
12
12
12
12
12
12
12
12
12
28
8
20
s
15
20
15
29
1
15
15
15
14
15
15
15
15
15
15
16
14
16
14
14
14
18
15
15
15
15
15
15
15
15
15
16
30
14
15
15
30
14
14
14
14
14
14
14
14
14
14
14
14
14
28
14
14
14
14
14
14
14
14
14
14
16
14
13
13
14
14
14
14
14
14
14
14
14
14
14
28
28
14
14
28
14
14
13
13
13
13
13
13
13
13
13
13
13
13
30
28
1
1
14
13
13
14
16
13
13
13
13
16
13
13
13
13
13
13
13
13
13
16
13
13
13
16
13
13
13
13
13
13
13
13
13
31
14
16
24
14
s
12
12
18
12
12
12
52
52
52
24
24
12
12
4
12
12
8
12
12
12
26
12
12
12
24
12
12
12
12
26
34
12
12
12
12
12
12
12
12
12
24
12
12
12
12
10
10
10
22
10
22
10
22
10
10
22
34
10
10
10
10
10
10
10
24
10
34
10
22
10
10
10
10
34
10
22
22
10
22
10
34
10
10
10
22
10
10
34
34
30
24
10
10
22
2
24
22
34
34
10
10
10
34
10
10
22
10
34
10
10
34
10
22
22
10
34
10
22
34
10
s
25
24
25
25
31
52
25
25
25
25
25
25
25
25
25
25
25
52
25
25
25
25
52
25
25
25
25
25
25
25
25
25
25
25
25
25
25
25
25
25
25
52
25
25
25
25
25
25
25
25
30
25
25
2
25
25
25
25
25
25
25
25
25
25
25
25
25
25
25
25
25
25
50
52
25
17
1
8
s
18
18
80
1
22
66
18
18
18
34
80
64
64
16
16
16
16
16
16
16
16
16
16
16
16
16
16
16
16
16
16
16
16
16
16
16
16
16
16
16
16
16
16
16
16
16
16
16
16
16
16
16
16
16
52
16
16
16
16
16
16
16
16
16
16
16
16
16
16
16
16
16
16
16
32
32
1
2
16
16
16
16
16
16
16
16
16
16
16
16
16
16
16
16
16
32
16
52
24
17
18
21
16
s
11
12
26
11
17
12
12
12
12
25
12
12
12
12
25
12
12
12
12
12
12
12
12
12
12
12
12
12
12
12
12
12
12
12
12
25
12
12
12
12
12
12
12
12
12
12
12
25
25
25
12
12
12
12
12
12
25
12
12
25
12
25
12
25
12
12
25
12
12
12
12
25
12
12
12
12
12
12
12
12
12
12
12
12
12
12
12
12
12
12
12
12
12
12
12
12
24
12
12
12
12
12
12
12
12
24
12
12
12
24
24
12
12
24
12
12
30
6
24
12
12
12
12
12
12
12
12
12
12
12
12
12
12
12
12
12
12
12
1
12
12
12
12
12
20
12
25
16
1
s
46
27
24
15
4
102
46
24
46
24
24
4
20
24
24
24
24
24
24
24
44
44
20
20
44
20
20
20
20
20
20
20
20
20
20
20
20
20
44
20
20
20
20
20
20
20
1
20
20
20
20
20
20
20
20
1
20
20
20
30
2
20
20
20
20
20
20
20
48
20
20
20
20
20
20
20
44
44
20
24
20
30
21
22
27
24
s
21
24
24
24
29
24
24
72
72
102
102
72
24
1
24
24
24
24
24
24
24
22
22
22
22
22
22
22
22
22
22
22
22
22
22
22
22
22
22
22
22
22
22
22
22
22
22
22
22
22
22
30
2
22
22
22
22
22
22
22
22
22
22
22
22
22
1
22
22
22
22
22
22
22
76
25
29
1
1
s
59
5
59
60
12
60
5
54
60
60
59
59
59
59
59
59
59
59
54
5
5
54
5
54
20
59
59
59
59
59
53
10
59
20
5
5
59
59
5
59
8
5
5
59
5
114
9
17
83
5
6
s
5
60
60
8
58
10
58
58
58
58
58
58
58
6
58
58
10
10
53
6
10
10
10
58
5
58
20
20
58
58
58
58
58
20
58
20
58
58
20
20
58
5
58
20
58
66
58
18
58
5
11
24
55
3
8
s
28
32
32
16
16
40
32
32
32
16
48
60
32
50
16
32
32
32
32
32
32
16
16
32
16
16
16
16
16
16
16
16
16
16
16
16
16
16
16
16
16
16
16
16
16
16
16
16
16
16
16
16
16
16
16
16
16
16
16
16
1
16
18
18
18
18
2
44
26
18
16
18
18
44
26
12
18
26
26
16
44
44
44
18
12
16
32
26
16
14
16
12
16
13
3
6
1
2
s
46
44
150
44
44
44
49
46
46
1
46
46
46
46
46
46
46
46
46
46
20
20
90
20
60
1
2
20
20
20
88
88
20
20
20
20
20
106
20
20
88
20
20
1
20
88
20
42
20
20
20
20
s
60
30
60
30
36
36
64
64
28
4
72
64
72
36
36
32
32
63
32
40
32
72
60
1
32
30
32
30
30
32
30
30
30
1
1
32
62
32
32
32
36
32
36
32
32
32
32
32
32
32
20
33
36
43
48
8
8
s
26
22
30
26
22
24
22
22
22
22
22
22
24
22
24
22
22
22
22
22
22
22
22
22
22
22
22
22
22
22
22
22
24
22
22
22
22
22
1
22
22
22
22
22
22
22
2
22
1
48
48
26
16
26
10
26
24
26
48
24
26
48
26
24
24
26
44
26
44
44
26
24
24
44
24
44
26
16
17
15
17
34
33
4
6
s
9
40
17
25
17
17
20
25
20
1
25
20
25
25
25
25
25
25
25
25
25
25
25
25
25
26
26
26
26
26
26
26
26
20
1
1
1
26
20
26
26
26
23
26
26
30
36
36
36
36
26
14
9
17
6
20
5
17
9
20
20
26
26
20
20
20
26
20
26
20
26
26
26
26
26
26
20
20
19
1
26
20
26
14
26
20
20
26
26
40
12
10
10
6
16
2
s
22
122
68
34
46
30
8
170
100
98
22
47
184
95
95
15
43
11
18
30
36
10
20
17
6
80
68
130
97
130
156
40
s
12
12
12
12
12
12
6
9
15
3
44
44
44
44
44
44
44
44
44
3
44
44
44
44
44
44
44
44
44
44
44
44
44
44
44
44
44
44
44
44
44
44
44
44
20
16
16
30
14
22
22
20
16
16
22
14
22
17
14
12
16
10
2
5
22
4
22
22
22
22
8
8
8
8
4
6
1
1
2
2
s
12
12
12
12
12
12
12
12
12
12
12
12
12
12
12
12
12
12
12
12
12
12
12
12
12
12
12
12
12
12
12
12
12
12
12
12
12
12
12
12
12
12
12
12
12
12
12
12
12
12
12
12
12
12
12
12
12
12
12
12
12
12
12
12
12
12
12
12
12
12
12
12
12
12
12
12
12
12
12
12
12
12
12
12
12
12
12
12
12
12
12
12
12
12
12
12
12
12
12
12
12
12
12
12
12
12
12
12
12
12
12
12
12
12
12
12
12
12
12
12
12
12
12
12
12
12
12
12
12
12
12
12
12
12
12
12
12
12
12
12
12
12
12
12
12
12
12
12
12
12
12
12
12
12
12
12
12
12
12
12
12
12
12
12
12
12
12
12
12
12
8
s