92
54
6
27
27
27
27
12
53
53
53
53
52
52
52
52
52
12
52
20
20
36
20
36
52
52
52
52
52
52
52
52
52
52
52
52
52
52
52
52
52
52
52
20
20
20
20
20
20
s
60
6
60
60
60
60
60
60
16
16
16
16
32
18
32
32
32
18
60
60
60
60
60
60
60
60
60
60
60
60
60
60
60
60
12
12
24
22
12
80
80
80
60
2
50
s
25
12
25
25
25
25
25
12
25
25
25
23
23
23
23
23
23
23
23
23
23
23
23
23
23
23
12
23
23
23
23
23
23
23
23
32
32
32
33
33
33
32
34
32
32
32
23
12
23
23
23
23
23
23
23
23
23
23
23
23
23
23
23
23
10
23
10
23
23
23
2
32
32
32
32
32
82
80
62
s
40
5
17
100
19
40
19
19
19
19
19
19
19
19
19
20
19
19
38
38
18
18
38
18
18
18
18
18
18
18
18
18
18
18
18
18
38
18
18
18
18
18
18
18
18
18
18
18
18
18
18
18
20
20
18
18
42
32
18
20
20
20
18
18
18
18
18
18
18
18
38
18
18
18
18
18
18
18
38
38
18
18
18
18
18
32
18
20
20
20
20
20
18
36
s
16
4
26
26
26
26
26
26
26
26
26
26
26
26
26
26
26
26
26
26
26
26
26
26
26
24
24
24
24
24
24
24
24
24
24
24
22
22
22
22
22
22
24
24
1
24
24
24
48
48
20
1
24
24
24
22
22
46
46
24
46
10
24
10
46
24
24
10
24
46
2
2
10
1
24
24
24
24
20
24
24
24
32
32
33
s
15
15
4
15
15
15
15
15
17
17
17
17
17
20
17
17
17
17
17
26
16
16
16
16
16
16
16
16
16
16
26
16
26
16
16
26
16
16
16
16
26
16
16
16
16
16
16
16
16
32
32
32
32
32
48
32
32
32
32
32
16
12
16
26
16
26
16
16
26
16
16
16
16
16
16
16
16
16
16
16
16
16
12
16
12
16
16
16
16
32
32
32
32
32
82
60
60
7
s
25
12
25
25
25
25
25
12
25
25
25
23
23
23
23
23
23
23
23
23
23
23
23
23
23
23
12
23
23
23
23
23
23
23
23
32
32
32
33
33
33
32
34
32
32
32
23
12
23
23
23
23
23
23
23
23
23
23
23
23
23
23
23
23
10
23
10
23
23
23
2
32
32
32
32
32
82
40
42
20
40
s
6
170
170
168
16
30
15
15
170
170
170
168
168
168
168
15
15
15
1
60
40
40
40
50
s
18
18
6
18
18
18
18
16
16
16
32
16
16
16
16
16
16
16
16
16
16
16
16
16
16
16
16
16
16
16
16
16
16
16
16
16
16
16
16
16
16
16
16
16
16
16
16
16
16
48
16
16
16
16
16
16
16
16
16
16
16
16
16
16
16
16
16
16
16
16
36
36
36
64
64
16
16
16
16
16
16
16
16
16
16
16
16
16
16
16
16
16
26
16
52
16
16
16
16
16
36
48
32
32
48
s
48
4
250
40
40
42
40
40
40
40
32
60
32
32
32
32
32
32
32
24
42
42
42
42
42
42
42
42
42
42
42
42
42
32
32
32
32
32
32
80
60
60
32
60
48
46
s
48
4
250
40
40
42
40
40
40
40
32
60
32
32
32
32
32
32
32
24
42
42
42
42
42
42
42
42
42
42
42
42
42
32
32
32
32
32
32
66
66
66
66
33
30
40
19
s
60
4
40
40
40
40
40
40
40
40
40
40
40
40
40
40
40
40
40
40
40
42
42
42
16
16
16
36
16
16
18
42
42
42
42
42
42
42
42
42
42
42
42
42
42
42
42
42
42
42
35
35
16
16
16
16
16
16
s
10
46
46
46
46
46
132
45
90
90
90
90
32
32
32
64
32
32
32
32
32
32
45
45
45
90
90
64
32
36
36
36
32
80
80
80
80
48
s
40
12
40
40
40
40
40
40
40
38
38
38
38
38
38
38
38
38
38
38
38
32
38
38
38
38
38
38
38
38
38
38
12
38
72
40
40
72
38
38
38
38
38
40
40
40
40
72
40
40
40
32
s
36
10
36
36
108
108
108
36
36
36
36
36
36
36
36
36
8
36
8
64
64
36
36
32
32
36
36
36
36
36
36
36
36
8
36
36
36
8
36
36
36
36
36
8
36
64
32
36
36
36
80
46
s
10
12
6
12
12
12
12
12
12
12
12
12
12
12
12
12
12
12
12
12
12
12
32
12
12
12
12
12
12
12
12
12
24
12
12
12
12
12
12
12
12
12
20
12
12
20
30
12
12
12
12
12
12
12
12
30
12
12
12
12
12
30
12
20
12
12
32
12
12
12
20
12
12
32
20
32
12
24
24
24
36
36
20
20
12
12
20
20
20
20
30
30
20
12
20
12
12
30
12
12
20
12
30
12
12
30
12
20
20
12
30
12
20
30
12
24
24
24
24
40
48
s
40
6
40
40
6
40
40
40
40
40
40
40
40
40
40
40
40
40
40
40
40
40
40
40
40
40
6
36
40
64
40
40
6
40
40
40
6
6
40
6
32
2
32
32
8
8
32
34
34
32
32
50
40
40
40
40
40
40
40
40
18
s
1
1
1
1
1
1
1
1
1
1
1
1
1
1
1
1
1
1
1
1
1
1
1
1
1
1
1
1
1
1
1
1
1
1
183
183
183
183
1
1
1
1
1
183
182
182
182
182
80
80
80
64
62
s
56
8
56
56
56
56
56
56
54
54
54
54
54
10
54
54
54
54
54
54
32
36
36
36
36
36
32
32
36
54
84
10
10
10
10
42
10
32
2
64
36
32
36
36
36
60
60
40
40
28
s
1
1
1
1
1
1
1
1
1
1
1
1
1
1
1
1
1
1
1
1
1
1
1
1
1
36
36
64
64
64
8
36
36
36
36
8
36
36
36
36
64
2
110
32
110
110
64
64
110
110
110
1
80
80
80
80
80
20
89
20
10
12
17
s
1
1
1
1
1
1
1
1
1
1
1
1
1
1
1
1
1
1
1
1
1
1
1
1
1
1
1
1
1
1
1
1
1
1
1
1
1
1
1
1
1
1
1
1
1
1
1
1
1
1
1
1
1
137
137
137
137
1
1
1
1
1
1
1
1
1
1
1
1
137
69
136
136
136
136
136
136
10
80
80
80
32
32
62
37
s
86
174
12
12
12
84
12
12
12
84
12
12
12
12
84
12
84
56
56
56
88
12
12
12
12
12
12
12
12
12
12
12
12
12
80
40
40
40
40
40
84
84
84
84
40
40
40
40
40
40
32
12
8
s
14
5
14
14
30
14
14
14
14
14
14
14
14
14
14
14
14
14
14
14
14
14
14
14
14
14
14
14
30
14
14
14
30
13
13
13
13
13
13
13
13
13
13
13
13
28
13
13
13
13
13
13
13
13
13
13
13
13
13
13
13
13
13
13
13
13
13
13
13
13
28
28
13
13
28
13
13
13
13
13
13
13
13
13
13
13
13
13
13
12
24
24
36
12
12
12
12
28
13
13
13
13
13
13
13
13
13
12
12
12
12
12
12
12
12
12
12
12
12
12
12
12
12
12
12
12
12
13
13
24
24
24
24
5
50
50
3
s
12
12
6
12
12
12
12
50
50
22
12
12
12
12
12
12
12
12
12
12
12
22
12
12
12
12
36
12
12
12
12
12
12
12
12
12
22
12
12
12
12
10
10
10
20
10
20
10
20
10
10
20
34
10
10
10
10
10
10
10
10
34
10
20
10
10
10
10
34
10
20
20
10
20
10
34
10
10
10
20
10
10
34
34
24
24
24
30
36
24
10
10
20
20
34
34
10
10
10
34
10
10
20
10
34
10
10
34
10
20
20
10
34
10
20
34
10
20
20
20
48
s
42
4
42
42
42
42
42
42
42
42
44
44
44
44
44
44
44
44
44
44
44
44
44
44
44
44
44
44
44
44
44
32
32
48
44
44
44
44
44
44
44
32
2
32
32
32
32
60
60
40
s
16
16
4
16
64
16
16
16
32
62
62
16
16
16
16
16
16
16
16
16
16
16
16
16
16
16
16
16
16
16
16
16
16
16
16
16
16
16
16
16
16
16
16
16
16
16
16
16
16
16
16
16
52
16
16
16
16
16
16
16
16
16
16
16
16
16
16
16
16
16
16
16
26
26
26
50
50
24
16
16
16
16
16
16
16
16
16
16
16
16
16
16
16
16
16
30
16
52
16
16
16
16
16
24
24
16
s
12
12
25
12
6
12
12
12
12
25
12
12
12
12
25
12
12
12
12
12
12
12
12
12
12
12
12
12
12
25
12
12
12
12
12
12
12
12
12
12
12
25
25
25
12
12
12
12
12
12
25
12
12
25
12
25
12
25
12
12
25
12
12
12
12
25
12
12
12
12
12
12
12
12
12
12
10
10
10
10
10
10
10
10
10
10
10
10
20
10
10
10
10
10
10
10
10
20
10
10
10
20
20
10
10
20
10
10
24
25
25
32
25
20
10
10
10
10
10
10
10
10
10
10
10
10
10
10
10
10
10
10
10
10
20
25
25
25
25
25
25
82
s
29
5
19
19
105
39
19
39
19
19
19
19
19
19
19
19
19
19
38
38
18
18
38
18
18
18
18
18
18
18
18
18
18
18
18
18
38
18
18
18
18
18
18
18
18
18
18
18
18
18
18
18
18
18
18
20
20
20
20
36
18
18
20
18
18
18
18
18
18
18
38
18
18
18
18
18
18
18
38
38
18
18
18
18
18
18
36
18
18
18
18
18
18
48
s
21
21
21
5
21
21
21
66
66
93
93
66
21
21
21
21
21
21
21
21
20
20
20
20
20
20
20
20
20
20
20
20
20
20
20
20
20
20
20
20
20
20
20
20
20
20
20
20
20
20
36
36
20
20
20
20
20
20
20
20
20
20
20
20
20
20
20
20
20
20
20
42
20
26
26
26
80
32
32
25
4
s
56
4
56
56
56
8
8
8
56
56
8
8
56
18
18
20
20
36
20
36
36
36
24
10
18
8
56
56
56
56
60
60
8
8
60
60
8
60
8
60
60
60
60
60
8
8
60
8
8
12
16
12
8
48
48
48
48
48
32
32
12
s
28
28
2
28
28
28
28
28
28
28
28
28
28
28
28
28
28
28
30
30
30
30
30
64
30
30
30
30
30
40
40
24
40
32
28
28
40
24
24
24
24
24
24
30
30
64
40
24
40
40
30
64
24
40
24
24
24
24
80
80
80
28
s
32
32
32
12
12
4
32
32
32
32
12
48
12
32
32
32
32
32
32
12
32
12
12
12
12
12
12
12
12
12
12
12
12
12
12
12
12
12
12
12
12
12
12
12
12
12
12
12
12
12
12
12
12
12
24
24
24
24
24
24
24
24
24
24
24
48
12
40
24
40
24
10
24
24
40
40
40
10
24
10
10
24
48
24
24
24
24
24
24
24
24
24
24
12
12
20
20
20
12
s
26
46
150
46
4
46
46
46
46
46
46
46
46
46
46
20
90
20
64
64
64
64
64
10
64
2
88
80
84
80
80
80
32
32
64
64
32
32
32
10
s
100
56
100
56
4
100
100
56
100
100
100
48
48
48
46
46
40
40
40
80
100
80
40
40
40
40
80
80
80
80
32
32
16
s
16
2
16
12
20
20
20
20
20
20
16
16
20
16
16
20
20
20
20
20
16
18
20
20
20
20
20
20
20
20
20
20
20
20
20
20
20
20
20
25
25
25
25
25
25
25
25
25
25
25
25
25
25
25
20
8
24
24
24
40
24
40
40
40
40
10
10
24
20
25
24
48
24
24
16
8
8
24
48
48
48
48
8
64
20
24
32
20
s
16
4
26
26
26
26
26
26
26
26
26
26
26
26
26
26
26
26
26
26
26
26
26
26
26
24
24
24
24
24
24
24
24
24
24
24
22
22
22
22
22
22
24
24
1
24
24
24
48
48
20
1
24
24
24
22
22
46
46
24
46
10
24
10
46
24
24
10
24
46
2
2
10
1
24
24
24
24
20
24
24
24
32
24
32
9
s
1
1
1
1
1
1
1
1
1
1
1
1
1
1
1
1
1
1
1
1
1
1
1
1
1
1
1
1
1
1
1
1
1
1
1
1
1
84
84
84
84
84
1
1
1
1
1
1
1
1
1
1
1
1
1
1
1
1
1
52
52
83
52
83
83
83
83
83
83
83
83
32
32
24
32
32
32
32
32
32
32
32
20
32
32
32
32
32
64
32
32
19
s
1
1
1
1
1
1
1
1
1
1
1
1
1
1
1
1
1
1
1
1
1
1
1
1
1
72
72
72
72
72
72
72
72
72
72
72
1
1
1
1
1
1
1
1
1
1
1
1
1
1
72
72
72
71
71
71
71
71
71
80
80
60
40
20
40
20
60
60
60
55
s
15
15
4
15
15
15
15
15
17
17
17
17
17
20
17
17
17
17
17
26
16
16
16
16
16
16
16
16
16
16
26
16
26
16
16
26
16
16
16
16
26
16
16
16
16
16
16
16
16
32
32
32
32
32
48
32
32
32
32
32
16
12
16
26
16
26
16
16
26
16
16
16
16
16
16
16
16
16
16
16
16
16
12
16
12
16
16
16
16
32
32
32
32
32
32
32
32
8
32
32
32
9
s