98
57
29
29
29
30
14
57
57
57
57
56
56
56
56
56
14
56
40
56
56
56
56
56
56
56
56
56
56
56
56
56
56
67
59
59
83
56
18
18
s
76
76
76
76
76
76
76
18
35
76
76
75
75
75
75
75
75
75
75
75
72
177
79
94
117
75
22
s
26
26
26
26
26
26
26
26
26
12
26
26
26
26
26
26
26
26
26
26
26
26
26
26
26
26
26
26
26
26
26
26
26
26
26
26
26
26
12
26
26
26
26
26
26
26
26
26
26
26
26
26
60
26
12
26
26
26
26
26
26
26
26
25
25
25
25
25
25
25
25
12
25
12
25
46
27
7
39
25
s
42
21
115
21
42
21
21
21
21
21
21
21
21
21
21
21
21
42
42
21
21
38
21
21
21
21
21
21
21
21
21
21
21
21
21
41
21
21
21
21
21
21
21
21
21
22
22
22
22
22
22
35
22
22
22
22
22
22
22
22
44
22
22
22
22
22
22
22
44
44
98
28
39
72
12
10
s
25
26
26
26
26
28
28
24
24
28
28
28
48
28
28
28
28
28
28
28
28
28
28
28
28
28
28
28
28
28
28
28
28
28
28
28
20
28
28
28
28
28
28
28
28
28
2
64
63
24
32
64
10
16
10
44
32
24
24
16
24
64
28
55
34
22
51
64
s
18
18
18
18
18
18
18
18
18
18
18
18
18
18
18
18
18
18
36
18
18
18
18
18
18
18
18
18
24
18
18
18
18
18
18
18
18
18
18
18
36
18
18
36
18
18
18
36
18
18
36
18
18
36
18
18
18
36
18
18
18
18
18
18
18
18
18
48
16
16
18
36
18
36
18
18
36
18
18
18
18
18
18
18
18
18
18
18
18
18
16
18
16
18
49
20
24
37
18
s
64
44
44
44
44
44
44
44
44
44
44
44
44
44
44
44
44
44
44
44
44
44
44
36
44
44
44
44
44
44
44
44
44
44
44
44
44
44
44
44
58
48
56
46
34
17
17
s
180
180
180
30
180
178
178
205
180
184
195
178
s
19
19
19
19
19
19
19
19
19
38
19
19
19
19
19
19
19
19
19
19
19
19
19
19
19
19
19
19
19
19
19
19
19
19
19
19
19
19
19
19
19
19
19
19
19
19
19
19
52
19
19
19
19
19
19
19
19
19
19
19
19
19
19
19
19
19
19
19
19
48
48
19
19
19
19
19
19
19
19
19
19
19
19
19
19
19
19
19
19
36
19
52
42
21
24
34
19
s
33
33
33
33
84
120
33
33
33
33
33
33
33
33
26
26
26
26
26
26
26
26
26
26
26
26
26
26
26
26
26
26
26
26
26
26
26
26
26
26
26
26
30
2
26
26
26
26
26
26
26
26
26
26
26
26
26
26
26
26
26
26
26
26
38
27
28
49
26
s
22
22
22
22
22
22
22
22
22
22
22
22
22
22
22
22
22
22
22
22
22
22
22
22
22
22
22
22
22
22
22
22
22
22
22
22
22
22
22
22
22
22
22
22
22
22
22
22
22
22
22
22
22
22
22
22
22
22
22
22
22
22
22
22
22
22
22
22
22
22
22
22
22
22
22
22
22
22
22
22
22
22
22
22
22
22
22
22
22
22
22
22
24
s
23
29
23
46
23
23
23
46
46
46
46
46
46
46
46
46
46
46
46
46
46
46
46
46
46
44
44
44
22
44
44
44
44
44
44
44
44
44
44
44
44
44
44
44
54
45
46
51
20
s
40
40
40
40
40
40
40
40
40
40
40
40
40
40
40
120
40
40
40
80
80
40
80
80
26
60
40
40
40
267
50
111
174
40
s
26
52
26
26
26
26
26
26
26
26
26
26
26
26
26
26
26
26
26
52
26
26
26
26
26
48
24
24
48
24
24
24
24
24
24
24
24
24
24
24
24
48
24
24
24
48
24
24
24
24
24
24
24
24
24
24
8
24
50
50
24
24
24
24
24
24
24
24
55
26
31
46
24
s
40
40
40
108
40
108
108
108
40
40
40
40
40
40
40
40
40
8
40
8
64
30
64
64
40
40
40
40
40
40
40
40
8
40
40
40
8
36
36
36
89
40
47
42
36
s
12
12
12
12
12
12
12
12
12
12
12
12
12
12
12
12
12
12
12
12
12
44
12
12
12
12
12
12
12
12
12
24
12
12
12
12
12
12
12
12
12
20
12
12
20
44
12
12
12
12
12
12
12
12
44
12
12
12
12
12
44
12
22
12
12
44
12
12
12
28
12
12
44
20
44
12
20
44
20
22
12
12
22
22
22
22
44
44
22
12
22
12
12
44
12
12
22
12
44
12
12
44
12
22
22
12
69
14
27
60
12
s
48
40
48
44
48
40
10
48
48
48
48
48
48
48
48
48
48
48
48
48
48
48
40
48
48
44
48
48
48
48
10
32
64
48
48
10
48
48
48
10
44
69
48
56
85
10
s
44
44
44
44
44
44
44
44
44
44
44
44
44
44
44
44
44
44
44
44
44
44
44
44
44
44
44
44
44
44
44
44
44
44
44
44
44
44
44
44
44
68
88
88
s
64
64
64
64
64
64
64
64
64
64
58
58
58
58
58
10
58
58
58
58
58
58
58
58
32
32
32
58
88
88
10
10
10
10
86
51
54
35
48
s
44
40
44
44
40
80
80
38
38
38
38
12
40
38
38
38
40
38
38
38
38
40
38
38
38
38
40
40
38
38
38
38
38
38
32
32
64
64
12
38
38
38
38
38
68
42
50
58
38
16
s
180
184
12
180
30
1
176
176
176
176
176
176
176
176
20
13
8
11
1
s
174
86
174
86
174
174
12
174
12
84
13
13
13
84
13
13
13
13
84
13
84
84
13
13
13
13
13
13
13
13
163
24
45
89
13
20
s
16
16
16
40
16
16
16
16
16
16
16
16
16
16
14
16
14
16
16
16
16
16
16
16
16
16
16
16
16
14
38
16
16
16
38
14
12
14
14
14
14
14
14
14
14
14
14
14
30
14
14
14
14
14
14
14
14
14
14
14
14
14
14
14
14
14
14
14
14
14
14
14
14
30
30
14
14
30
14
14
14
14
14
14
14
14
14
14
14
14
14
14
36
30
2
12
16
16
12
14
14
14
14
14
14
14
14
14
14
14
14
14
14
14
14
14
14
14
14
14
14
14
14
33
15
18
26
14
s
12
12
12
12
12
12
56
56
24
12
12
12
12
12
12
12
12
12
12
12
24
12
12
12
12
38
12
12
12
12
12
12
12
12
12
24
12
12
12
12
12
12
12
24
12
24
12
24
12
12
24
38
12
12
12
12
12
12
12
12
38
12
24
12
12
12
12
40
12
24
24
12
24
12
40
12
12
12
24
12
12
40
40
30
12
12
24
26
40
40
12
12
12
40
12
12
24
12
40
12
12
40
12
24
24
12
43
12
25
42
12
s
33
35
33
33
35
35
35
33
76
33
33
33
35
33
33
35
33
33
33
33
33
35
33
33
33
33
33
33
33
35
33
76
33
33
33
33
33
33
33
33
48
33
33
33
33
33
33
33
33
33
33
55
34
37
89
33
s
18
18
18
70
18
18
18
36
64
64
18
18
18
18
18
18
18
18
18
18
18
18
18
18
18
18
18
18
18
18
18
18
18
18
18
18
18
18
18
18
18
18
18
18
18
18
18
18
18
18
18
48
18
18
18
18
18
18
18
18
18
18
18
18
18
18
18
18
18
18
18
30
30
18
18
18
18
18
18
18
18
18
18
18
18
18
18
18
18
18
18
32
18
26
21
18
19
20
18
22
s
12
12
26
12
12
12
12
12
26
12
12
12
12
26
12
12
12
12
12
12
12
12
12
12
12
12
12
12
12
12
26
12
12
12
12
12
12
12
12
12
12
12
26
26
26
12
12
12
12
12
12
26
12
12
26
12
26
12
26
12
12
26
12
12
12
12
26
12
12
12
12
12
12
12
12
12
12
12
12
12
12
12
12
12
12
12
12
12
12
12
12
24
12
12
12
12
12
12
12
12
24
12
12
12
24
24
12
12
24
12
12
34
24
12
12
12
12
12
12
12
12
12
12
12
12
12
12
12
12
12
84
17
28
71
12
s
42
22
22
117
42
22
42
22
22
22
22
22
22
22
22
22
22
42
42
22
22
42
22
22
22
22
22
22
22
22
22
22
22
22
22
42
22
22
22
22
22
22
22
22
22
22
22
22
22
22
22
22
22
22
30
1
22
22
22
22
22
22
22
42
22
22
22
22
22
22
22
42
42
22
37
23
25
31
22
s
24
24
24
24
24
24
72
72
102
102
72
26
26
26
26
26
26
26
26
22
22
22
22
22
22
22
22
22
22
22
22
22
22
22
22
22
22
22
22
22
22
22
22
22
22
22
22
22
22
36
2
22
22
22
22
22
22
22
22
22
22
22
22
22
22
22
22
22
22
49
24
48
39
22
s
72
72
72
10
10
72
10
10
12
74
74
12
12
74
32
12
74
74
10
74
74
74
74
10
10
74
12
10
10
12
10
74
10
74
12
10
72
10
12
72
72
10
10
72
72
10
72
12
12
25
73
13
15
2
s
30
30
30
30
30
30
30
30
30
30
30
30
30
30
30
30
30
27
27
27
27
27
27
84
27
27
27
27
27
27
56
56
27
56
40
27
27
27
27
27
27
27
27
58
84
56
58
27
131
61
43
134
27
s
40
40
40
20
20
40
40
40
40
20
40
58
20
40
40
40
40
40
40
18
18
38
18
18
18
18
18
18
18
18
18
18
18
18
18
18
18
18
18
18
18
18
18
18
18
18
18
18
18
18
18
18
18
18
18
18
18
18
18
54
32
18
54
32
10
32
32
16
54
54
54
12
16
32
44
17
14
17
16
s
50
50
178
50
50
50
50
50
50
50
50
50
50
50
50
22
22
22
100
22
66
2
22
22
22
96
96
22
22
96
22
22
22
96
22
96
12
22
22
115
13
26
24
2
s
80
40
80
40
40
40
80
80
40
80
40
40
39
39
78
39
39
78
40
40
39
40
40
39
40
40
30
39
78
39
39
39
39
39
39
39
39
39
62
41
44
54
19
20
s
32
32
32
24
32
32
22
32
32
32
22
32
24
32
32
32
32
32
32
32
32
32
32
32
32
32
28
28
28
28
24
28
28
28
28
28
28
28
28
28
28
28
28
28
12
12
24
24
32
32
24
24
32
54
32
54
54
24
24
54
24
54
12
40
17
19
42
32
s
26
26
26
26
26
28
28
24
24
28
28
28
48
28
28
28
28
28
28
28
28
28
28
28
28
28
28
28
28
28
28
28
28
28
28
28
20
28
28
28
28
28
28
28
28
28
64
64
24
32
64
10
16
10
44
32
24
24
16
24
64
28
55
34
22
51
64
s
26
26
26
24
26
26
26
26
26
26
26
24
56
58
72
48
24
24
24
24
24
22
22
22
24
22
24
24
24
24
24
24
24
24
24
24
24
24
22
22
22
22
22
22
22
22
22
22
22
22
22
22
22
22
22
22
22
46
22
22
22
46
22
22
22
22
22
46
46
22
22
50
24
28
40
22
s
48
48
48
34
48
48
34
48
34
34
48
48
48
48
40
40
40
40
40
38
38
66
38
38
38
38
38
38
38
38
58
58
32
32
14
14
14
58
32
58
66
32
32
35
48
41
37
41
49
35
s
12
12
12
12
12
12
12
12
12
12
12
12
12
12
12
12
12
12
12
12
12
12
12
12
12
12
12
12
12
12
12
12
12
12
12
12
12
12
12
12
12
12
12
12
12
12
12
12
12
12
12
12
12
12
12
12
12
12
12
12
12
12
12
12
12
12
12
12
12
12
12
12
12
12
12
12
12
12
12
12
12
12
12
12
12
12
12
12
12
12
12
12
12
12
12
12
12
12
12
12
12
12
12
12
12
12
12
12
12
12
12
12
12
12
12
12
12
12
12
12
12
12
12
12
12
12
12
12
12
12
12
12
12
12
12
12
12
12
12
12
12
12
12
12
12
12
12
12
12
12
12
12
12
12
12
12
12
12
12
12
12
12
12
12
12
12
12
12
12
12
7
1
s