(null)
(652)
(657)(653)
(652)(666)(661)
(651)(653)(666)(660)(658)
(661)(653)
(648)(649)(661)(653)(666)(660)
(all)
(649)(667)(657)(658)
(648)(664)
(all)
(648)(661)(664)(667)(666)(656)
(648)(660)(666)(664)
(648)(649)(661)(667)(666)(654)
(663)(661)(653)
(652)
(648)(656)(657)(665)
(657)(658)(665)
(652)
(651)(653)(666)(660)(658)
(661)(659)
(649)(651)(667)(666)(660)
(661)(652)(655)(658)
(652)
(663)(660)(647)
(648)(649)(664)(658)
(649)(650)
(662)(661)(667)(652)(657)(647)(665)
(661)(652)(658)
(649)(657)
(663)(660)(647)
(663)(653)
(661)(655)(659)
(661)(659)
(648)(661)(652)(657)(658)
(662)(648)(654)(647)
(652)
(650)(664)
(662)(648)(661)(650)(666)(647)
(650)(651)(666)(660)(657)(658)
(648)(649)(667)(656)
(648)(661)(667)(653)
(648)(661)(658)(659)
(648)(664)(666)(660)
(648)(661)(664)(654)
(663)(648)(655)(647)
(648)(649)(661)(667)(666)(654)(656)
(655)
(648)(664)
(648)(661)(667)(652)(657)
(648)(664)(666)
(661)(652)(657)
(652)
(649)(667)(657)(658)
(659)
(658)
(650)(655)(657)
(661)(652)
(652)(658)
(648)(661)(667)(653)(658)
(648)(661)(664)(666)(654)(658)
(647)(663)(652)
(661)(652)(658)
(648)(649)(664)(655)
(648)(649)(661)(666)(654)
(661)(652)(658)(659)
(648)(664)(660)
(662)(661)(667)(653)(647)
(662)(648)(649)(664)(655)(658)(659)(647)
(648)(659)
(648)(661)(667)(652)(666)(658)
(663)(655)(657)(647)(665)
(667)(656)
(663)(661)(653)
(651)(666)(660)(658)
(648)(649)(653)(655)
(653)(657)(658)(665)
(652)
(648)(649)(654)
(648)(664)(651)(666)(655)
(662)(648)(661)(666)(654)(647)
(650)(663)
(648)(661)(650)(667)(666)(655)
(663)(651)(666)(660)(647)
(648)(661)(667)(652)(657)(658)
(648)(649)(661)(653)
(648)(661)(652)(655)
(648)(649)(664)(659)
(648)(661)(654)
(648)(649)(661)(666)(657)(659)
(661)(652)(654)(658)
(661)(667)(652)
(661)(652)(657)
(648)(664)
(648)(664)
(648)(664)
(648)(664)
(648)(664)
(659)
(659)
(652)(665)
(651)(666)(660)
(662)(648)(664)(666)(660)(647)
(666)(660)(647)
(663)(662)(648)(647)
(661)(653)
(648)(649)(664)(667)(652)(658)
(all)
(661)(653)
(663)(651)(666)(647)(647)
(648)(661)(653)(655)(665)
(662)(648)(666)(647)
(655)(659)
(648)(664)
(657)(661)
(661)(664)(666)(655)(659)
(662)(648)(664)(651)(666)(647)
(648)(661)(652)(658)
(648)(661)(667)(652)(666)(654)(658)
(663)(647)
(648)(655)(659)
(661)(653)(657)(658)(665)
(650)(661)
(648)(656)
(659)
(648)(664)(654)(655)(658)
(648)(661)(650)(664)(666)(654)
(652)
(652)
(663)(661)(652)(658)(647)
(649)(661)(652)(657)
(658)(659)
(648)(661)(652)(655)(658)(665)
(648)(653)(658)
(648)(661)(652)(659)
(657)(659)(665)
(662)(648)(661)(667)(647)
(651)(666)(660)
(661)(667)(652)(659)
(663)(648)(664)(656)(647)
(663)(666)(647)
(648)(649)(667)(653)(666)(654)
(649)
(648)(661)(652)(658)
(648)(661)(667)(652)(658)
(648)(649)(666)
(666)(659)
(658)(648)(656)
(648)(649)(661)(667)(652)(653)(666)
(662)(648)(647)
(651)(660)(655)(647)
(666)(660)(658)
(648)(664)(651)(667)
(661)(651)(660)
(662)(648)(661)(667)(652)(666)(647)
(651)(666)(660)
(658)(659)
(648)(649)(667)(654)(656)
(648)(650)(655)
(649)(661)(652)(656)
(648)(661)(652)(654)(655)
(661)(652)(655)(659)
(663)(653)(659)
(661)(653)
(648)(664)(667)(654)(655)
(655)(649)
(650)(651)(666)(660)
(648)(661)(667)(654)(655)(657)(659)
(648)(654)(655)
(661)(652)(657)
(648)(661)(652)(666)(659)
(660)(655)
(661)(667)(657)
(648)(664)(667)(666)(658)
(648)(661)(652)(657)
(648)(649)(661)(664)(667)
(648)(664)(666)(654)(658)
(650)(660)(655)
(649)(661)(657)
(655)(656)(657)(659)
(662)(648)(661)(664)(667)(666)(654)(647)
(661)(652)(653)(658)
(653)(658)
(649)(656)
(662)(664)(651)(666)(647)
(663)(664)(647)
(661)(652)(656)(657)(658)(665)
(662)(648)(649)(661)(664)(667)(666)(654)(647)
(648)(661)(653)(666)
(648)(655)(659)
(649)(657)(658)
(661)(652)(658)
(651)(666)(660)
(659)
(648)(661)(650)(654)(655)
(661)(655)(656)
(663)(653)
(648)(649)(656)(657)(665)
(648)(649)(666)(657)
(663)(648)(656)(657)
(648)(661)(664)(666)(654)(655)
(666)(660)(655)(658)
(662)(661)(653)(666)(647)
(648)(661)(650)(666)
(648)(661)(652)(657)(659)
(661)(659)
(648)(661)(657)
(648)(649)(661)(666)(654)(659)
(663)(656)(647)
(663)(649)(660)(655)(647)
(648)(661)(653)(655)(659)
(650)
(661)(652)(657)(665)
(661)(653)(659)
(648)(649)(655)(656)
(651)(666)(660)(659)
(662)(648)(649)(664)(666)(654)(647)
(648)(652)(654)(656)(658)
(661)(660)(659)
(655)(659)
(648)(649)(657)
(660)(658)
(658)
(648)(661)(650)(653)
(661)(653)(658)
(653)(658)
(648)(667)
(648)(652)(657)(658)(665)
(648)(664)(654)(655)(658)
(661)(659)
(655)(657)(665)
(648)(649)(661)(655)(657)
(649)(656)(659)
(663)(656)(647)
(661)(652)(658)
(650)(655)(657)(665)
(648)(661)(667)(654)(657)
(648)(649)(650)(664)(651)(666)(654)
(648)(661)(653)(666)(654)(655)
(652)(660)(659)
(648)
(648)(661)(667)(653)(658)
(648)(661)(650)(666)(654)
(649)(665)
(648)(661)(664)(654)
(661)(664)(654)
(648)(661)(666)(657)(659)
(650)(666)
(663)(649)(647)
(661)(652)(655)
(652)(657)
(652)
(648)(655)
(662)(656)(647)
(648)(666)(658)
(649)(657)
(648)(649)(661)(657)
(648)(664)(655)(657)(665)
(661)(652)(657)(659)
(661)(653)(666)(658)
(649)(657)(659)
(651)(652)(654)(660)(655)
(655)
(648)(661)(664)(654)(655)
(648)(654)(655)(658)(665)
(664)(654)(659)
(649)(656)
(648)(666)(654)
(661)(667)(655)
(648)(649)(656)
(648)(661)(667)(655)(657)(665)
(651)(653)(660)(658)
(649)(661)(659)
(648)(661)(667)(652)(666)(659)
(661)(656)(659)
(648)(655)(657)(658)(665)
(649)(661)(657)
(649)(653)(659)
(661)(652)(657)
(648)(661)(667)(666)(654)(658)
(648)(661)(653)(654)
(653)(658)
(648)(661)(656)(659)
(648)(664)(654)(657)(658)(665)
(661)(659)
(649)(661)(667)(666)(657)
(648)(664)(654)(655)
(648)(667)(656)
(648)(659)
(648)(664)(654)(655)
(659)
(648)(661)(666)
(656)(659)
(648)(659)
(648)(649)(661)(667)(657)
(648)(664)(658)
(660)
(663)(655)(647)
(648)(661)(653)(666)
(648)(664)
(656)(657)(658)
(662)(648)(649)(654)(655)(647)
(661)(652)(657)
(663)(662)(648)(664)(667)(656)(647)
(662)(648)(661)(664)(653)(647)
(662)(648)(664)(667)(647)
(655)
(663)(661)(653)
(663)(660)(647)
(648)(664)(666)(655)(665)
(663)(647)
(660)(658)
(648)(660)(655)(659)
(661)(652)(653)(654)(657)
(661)(652)(653)(657)
(649)(657)
(649)(661)(657)(658)
(649)(657)
(649)(667)(657)
(661)(653)
(648)(661)(653)
(663)(662)(648)(647)
(655)
(661)(652)(657)
(663)(647)
(661)(667)(652)(657)
(648)(655)(658)
(648)(661)(664)(667)
(648)(661)(667)(653)(658)
(651)(666)(660)
(663)(667)(647)
(648)(661)(664)(666)
(648)(664)(655)(657)(658)(665)
(648)(664)(654)(655)
(648)(664)(655)
(662)(648)(647)
(663)(647)
(648)(664)(651)(658)
(648)(664)(654)(658)
(648)(664)
(660)(658)
(663)
(648)(654)(655)(647)
(661)(653)
(662)(648)(656)(657)(647)
(662)(648)(647)
(651)(666)(660)(658)
(666)
(651)(660)(655)
(663)(659)
(663)(655)(665)
(648)(654)(655)(659)
(648)
(648)(654)(655)
(648)(654)
(648)(664)(660)(655)(657)(665)
(648)(661)(664)(667)(660)
(660)(658)
(664)(660)
(648)(664)
(648)(661)(666)(655)(657)(659)
(663)(661)(667)(657)(647)
(648)(655)(657)(659)
(663)(647)
(661)(653)(657)
(648)(655)
(661)(653)(658)
(648)(664)(667)(653)(666)
(663)(660)(647)
(648)(661)(664)
(648)(655)(657)(659)
(663)(647)(665)
(648)(664)(667)(654)(655)
(648)(660)(655)
(648)(661)(664)(654)
(648)(664)(667)(658)
(662)(648)(661)(664)(666)(647)
(660)(658)
(660)(655)
(663)(648)(647)
(658)
(648)(661)(653)(666)
(648)(661)(652)(653)(666)(657)
(661)(651)(653)(658)
(651)(666)(660)
(648)(659)
(662)(648)(666)(657)(659)(647)
(663)(659)
(648)(661)(653)(666)(654)
(651)(653)(666)(660)(658)
(648)(661)(667)(653)(657)(658)
(648)(654)(658)
(648)(667)(656)(657)(658)
(653)(666)(658)
(651)(660)(658)
(648)(649)(657)(658)
(663)(648)(661)(653)(666)
(648)(664)(660)(659)
(662)(648)(655)(647)(665)
(662)(648)(664)(667)(653)(647)
(648)(664)(667)
(648)(661)(652)(658)
(662)(648)(655)(647)
(655)(657)(659)
(651)(655)(658)
(661)(653)(659)
(663)(648)(664)(667)(647)
(648)(656)
(648)(664)
(663)(650)(660)(647)
(662)(648)(664)(667)(647)
(666)(655)
(650)(655)
(662)(648)(667)(666)(647)
(648)(655)
(648)(655)(657)(665)
(666)(660)(659)
(648)(667)
(662)(648)(661)(653)(647)
(648)(661)(653)
(663)(653)(647)
(666)(659)
(663)(661)(653)(666)(658)
(648)(664)(651)(666)(658)
(654)(658)
(663)(662)(648)(647)
(661)(653)(655)
(648)(664)
(651)(666)(660)(658)
(648)(664)(654)(655)
(663)(647)
(655)(657)
(651)(653)(660)(655)(657)(658)
(663)(661)(660)(659)
(662)(648)(667)(647)
(648)(664)(654)(658)
(662)(648)(664)(654)(658)
(660)(659)
(648)(664)(654)
(650)(666)(660)
(649)(655)(656)(657)
(651)(660)(655)(658)
(648)(664)(654)(655)(657)
(648)(655)(658)
(662)(648)(647)
(661)(653)(660)
(648)(664)(655)(656)
(648)(664)
(648)(661)(653)
(648)
(663)(647)
(663)(648)(655)(657)(665)
(653)(660)(659)
(663)(662)(648)(647)
(662)(648)(652)(658)(647)
(648)(653)
(652)(658)
(662)(648)(656)(657)(647)
(663)(666)(660)(647)
(661)(652)(653)(658)
(648)(661)(664)(654)(655)(657)
(663)(666)(647)
(661)(652)(658)(659)
(663)(661)(653)(666)(655)(657)(647)
(662)(648)(649)(667)(655)(656)(657)(647)
(662)(648)(654)(647)
(648)(649)(661)(657)
(662)(648)(649)(647)
(662)(648)(649)(661)(666)(647)
(664)(655)
(661)(659)
(656)
(651)(666)(660)(658)
(661)(667)(654)(659)
(663)(647)
(648)(655)(656)(658)
(661)(653)(659)
(662)(648)(649)(656)(647)
(662)(656)(647)
(648)(649)(667)(656)
(648)(656)
(667)(655)(656)(658)
(648)(661)(653)(666)(656)(658)
(648)(661)(653)(666)(656)
(648)(661)(667)(666)(656)(657)(665)
(656)
(648)(649)(661)(667)(656)
(648)(649)(656)
(648)(649)(656)
(656)(661)
(651)(666)(660)(655)
(651)(666)(660)(655)
(651)(666)(660)(659)
(664)(651)(666)(659)
(651)(666)(660)(659)
(651)(666)(660)
(663)(648)(661)(664)(651)(666)(647)
(648)(661)(664)(651)(666)(659)
(661)(659)
(648)(661)(656)(659)
(648)(661)(664)(667)(654)(659)
(659)
(661)(664)(659)
(648)(666)(659)
(648)(659)
(649)(664)(655)
(648)(649)(655)
(663)(649)(655)
(648)(661)(664)(667)(666)(654)(655)(658)
(661)(655)
(648)(661)(667)(666)(655)(659)
(649)(655)(659)
(648)(664)(655)
(653)(658)
(653)(658)
(662)(649)(657)(659)(647)
(649)(661)(667)(666)(659)
(648)(657)(658)(659)
(649)(657)
(648)(649)(661)(657)
(649)(661)(657)(658)
(663)(649)(657)
(649)(661)(657)(658)
(649)(661)(653)
(649)(657)
(655)
(650)
(648)(661)(667)(656)
(653)(658)
(651)(660)(658)
(651)(666)(660)(659)
(649)(661)(664)(666)
(648)(649)(661)(653)(666)
(648)(661)(664)(654)(658)(659)
(649)(661)(657)
(663)(649)(652)(660)(647)
(649)(661)(653)(659)
(648)(650)(659)
(648)(649)(661)(667)(657)(658)
(648)(667)(656)
(664)(655)
(648)(661)(655)
(662)(648)(649)(661)(666)(647)
(661)(659)
(660)
(648)(661)(664)(667)(653)(654)(658)
(648)(664)(651)(666)
(649)(661)(657)
(648)(649)(667)(657)
(649)(661)(657)
(657)(659)
(653)(658)
(648)(661)(666)(654)(659)
(651)(660)(658)
(661)(653)(658)
(661)(656)(659)
(656)
(648)(661)(666)(659)
(650)
(659)
(661)(659)
(663)(648)(650)(664)(666)(647)
(662)(648)(649)(661)(664)(667)(666)(647)
(648)(661)(664)(654)
(649)(656)
(664)(655)
(662)(648)(649)(664)(647)
(648)(649)(661)(667)(652)
(649)(657)
(648)(653)(666)(658)
(648)(661)(650)(666)
(649)(661)(652)(657)
(648)(664)(651)(666)
(661)(653)(660)
(649)(661)(657)
(660)(658)
(648)(664)(653)(666)(660)
(656)
(660)(659)
(648)(651)(660)(647)
(662)(661)(667)(666)(656)(647)
(662)(648)(649)(654)(647)
(661)(653)
(650)
(650)
(657)(659)
(648)(661)(664)(654)(655)
(651)(666)(660)
(648)(664)(653)(654)(658)
(648)(649)(664)(654)
(648)(661)(667)(653)(666)
(648)(664)(651)(666)
(663)(651)(660)(658)
(652)(660)(658)
(648)(661)(667)(653)(658)
(659)
(661)(653)
(651)(660)(657)(658)
(663)(649)(661)(657)(658)
(649)(661)(667)(655)(659)
(648)(649)(667)(653)
(651)(666)(660)
(659)
(651)(660)(658)
(661)(653)(659)
(662)(648)(651)(666)(647)
(649)(660)
(650)(659)
(662)(648)(664)(667)(666)(647)
(661)(651)(666)(660)(658)
(661)(659)
(651)(666)(660)(659)
(661)(651)(653)(666)(658)
(664)(651)(666)(658)
(661)(655)
(649)(655)(657)(659)
(651)(666)(660)(658)
(648)(649)(655)
(651)(660)(658)
(649)(659)
(650)(660)
(649)(657)
(662)(648)(664)(651)(666)(647)
(648)(661)(664)(667)(666)
(648)(649)(664)(656)(658)
(648)(661)(659)
(649)(664)(659)
(649)(656)
(648)(649)(654)(658)
(662)(648)(649)(667)(666)(647)
(661)(652)(658)
null
null
null
null
null
null
null
null
null
null
null
null
null
null
null
null
null
null
null
null
null
null
null
null
null
null
null
null
null
null
null
null
null
null
null
null
null
null
null
null
null
null
null
null
null
null
null
null
null
null
null
null
null
null
null
null
null
null
null
null
null
null
null
null
null
null
null
null
null
null
null
null
null
null
null
null
null
null
null
null
null
null
null
null
null
null
null
null
null
null
null
(all)
null