(18)(23)(28)(34)(36)(49)(57)(58)(62)(70)(90)(91)(117)(127)(128)(132)(143)(144)(181)(212)(227)(234)(251)(261)(456)(567)(593)(630)(273)(239)(65)(249)(22)(462)(160)(161)(302)(118)(186)
(22)(32)(63)(115)(171)(195)(262)(312)(509)(510)(511)(512)(599)
(312)(262)(115)(509)(510)(511)(512)(32)(195)(599)
(472)
(129)(143)(630)(456)(567)(593)(261)
(28)(34)(49)(57)(62)(129)(132)(143)(144)(212)(227)(261)(456)(567)(593)(630)(462)(160)(22)(118)(273)
(24)(30)(45)(103)(111)(116)(119)(136)(139)(140)(184)(185)(208)(233)(297)(301)(310)(321)(324)(330)(335)(336)(341)(345)(361)(363)(368)(371)(376)(379)(386)(398)(402)(406)(409)(410)(413)(420)(425)(430)(434)(450)(453)(454)(458)(461)(463)(474)(507)(515)(535)(561)(562)(566)(581)(608)(622)
(309)(332)(350)(355)(235)(132)(371)(257)(275)(398)(415)(230)(17)(451)(212)(484)(135)(227)(270)(264)(283)
(164)
(263)
(45)(103)(116)(119)(136)(139)(140)(185)(208)(233)(297)(335)(336)(341)(363)(371)(376)(379)(386)(398)(406)(409)(410)(413)(420)(430)(434)(450)(453)(474)(515)(581)
(59)(75)(152)(164)(175)(188)(226)(240)(279)(295)(299)(305)(326)(328)(331)(333)(338)(342)(352)(353)(359)(365)(367)(369)(370)(372)(375)(385)(401)(407)(408)(414)(415)(417)(424)(429)(436)(438)(442)(443)(449)(455)(475)(527)(537)(569)(591)(600)(172)
(368)
(286)
(104)
(28)(34)(49)(57)(62)(117)(129)(132)(143)(144)(181)(212)(227)(261)(456)(567)(593)(630)(22)(161)(160)(302)(462)(273)
(35)(44)(60)(78)(80)(125)(126)(157)(160)(168)(194)(200)(238)(244)(245)(264)(267)(280)(283)(286)(351)(354)(388)(391)(460)(465)(552)(563)(589)
(101)(432)(472)
(41)(105)(224)(241)(298)(313)(314)(319)(320)(343)(382)(383)(390)(419)(445)(523)(594)(614)(623)
(66)
(24)(30)(45)(103)(116)(119)(136)(139)(140)(184)(185)(208)(233)(297)(335)(336)(341)(361)(363)(368)(371)(376)(379)(386)(398)(402)(406)(409)(410)(413)(420)(425)(430)(434)(450)(453)(454)(458)(461)(463)(474)(507)(515)(535)(561)(566)(581)(622)
(35)(44)(60)(80)(125)(126)(168)(194)(238)(244)(264)(280)(283)(286)(351)(354)(388)(391)(460)(465)(552)(563)
(227)
(31)
(35)(44)(60)(80)(125)(126)(168)(194)(238)(244)(245)(264)(267)(280)(283)(286)(351)(354)(388)(391)(460)(465)(552)(563)
(37)(56)(82)(158)(177)(203)(211)(235)(242)(247)(412)(439)(526)(558)(570)(583)(584)(607)(620)
(35)(44)(60)(78)(80)(118)(125)(126)(160)(168)(194)(238)(244)(245)(264)(267)(280)(283)(286)(351)(354)(388)(391)(460)(465)(552)(563)(589)
(384)
(525)
(45)(103)(116)(119)(136)(139)(140)(185)(208)(233)(297)(335)(341)(363)(376)(379)(386)(406)(409)(410)(413)(420)(430)(434)(474)(515)(581)
(45)(103)(116)(119)(136)(139)(140)(185)(208)(233)(297)(335)(341)(363)(371)(376)(379)(386)(398)(406)(409)(410)(413)(420)(430)(434)(474)(515)(581)
(469)
(270)(275)(309)(415)
(270)(275)(309)(415)
(193)(536)
(257)(270)(275)(309)(332)(415)
(60)(168)(238)(244)(280)(283)(286)(351)(354)(388)(391)(563)
(180)
(37)(56)(82)(158)(177)(203)(211)(235)(242)(247)(412)(439)(558)(583)(584)
(5)(41)(85)(105)(224)(241)(254)(298)(304)(313)(314)(319)(320)(343)(364)(366)(381)(382)(383)(390)(396)(419)(422)(445)(476)(523)(532)(554)(582)(594)(596)(614)(623)
(257)(270)(275)(309)(332)
(493)
(257)(270)(275)(309)(332)(350)
(279)
(19)
(309)(263)(565)(586)
(498)(124)(557)
(40)(72)(159)(183)(199)(253)(269)(282)(287)(344)(440)(446)(457)(464)(471)(477)(478)(479)(480)(481)(482)(483)(484)(485)(486)(487)(488)(489)(499)(539)(556)(564)(577)(580)(624)(627)
(41)(241)(343)(382)(383)(390)(105)(445)(623)(523)(224)(594)(614)
(24)(30)(45)(103)(116)(119)(136)(139)(140)(184)(185)(208)(233)(297)(335)(336)(341)(361)(363)(368)(371)(376)(379)(386)(398)(402)(406)(409)(410)(413)(420)(425)(430)(434)(450)(453)(454)(458)(461)(463)(474)(507)(515)(535)(561)(566)(581)(622)
(5)(41)(85)(105)(163)(224)(241)(254)(298)(304)(313)(314)(319)(320)(343)(364)(366)(381)(382)(383)(390)(396)(419)(422)(445)(476)(523)(532)(554)(582)(590)(594)(596)(614)(623)
(47)(165)(214)(230)(252)(263)(268)(306)(322)(411)(426)(431)(506)(508)(540)(541)(565)(586)(617)
(494)
(101)(347)(247)(384)(416)(423)(428)(472)(490)(491)(494)(546)(572)(597)(601)(613)
(72)(199)(253)(269)(287)(440)(446)(457)(464)(471)(477)(478)(480)(481)(482)(483)(484)(486)(487)(488)(539)(556)(564)(577)(580)(624)
(211)(530)(529)
(292)(193)(213)(229)(536)(189)(156)(272)
(156)
(28)(34)(62)(129)(132)(143)(144)(261)(456)(567)(593)(630)
(193)(213)(292)(536)
(452)
(24)(45)(103)(116)(119)(136)(139)(140)(185)(208)(233)(297)(335)(336)(341)(361)(363)(371)(376)(379)(386)(398)(406)(409)(410)(413)(420)(425)(430)(434)(450)(453)(454)(458)(463)(474)(515)(561)(566)(581)
(60)(168)(194)(238)(244)(264)(280)(283)(286)(351)(354)(388)(391)(465)(552)(563)
(39)(43)(48)(66)(93)(94)(95)(96)(97)(101)(113)(201)(221)(296)(311)(334)(339)(346)(347)(355)(356)(357)(358)(373)(374)(377)(378)(397)(400)(423)(427)(435)(447)(469)(490)(492)(495)(525)(531)(544)(546)(572)(576)(601)(606)(609)(613)(616)
(22)(32)(115)(195)(262)(312)(509)(510)(511)(512)(599)
(32)(115)(195)(262)(312)(511)(599)
(98)(112)(120)(131)(138)(162)(179)(193)(207)(210)(213)(219)(229)(246)(265)(277)(284)(290)(292)(362)(387)(403)(416)(433)(437)(452)(470)(473)(493)(494)(497)(500)(501)(502)(503)(504)(516)(536)(543)(559)(560)(578)(595)(602)(619)(625)
(39)(43)(48)(66)(93)(94)(95)(96)(97)(101)(113)(296)(334)(339)(346)(347)(355)(356)(357)(358)(373)(374)(377)(378)(397)(400)(423)(427)(435)(447)(469)(490)(492)(495)(525)(544)(546)(572)(576)(601)(613)
(368)
(110)(243)(257)(270)(275)(309)(332)(350)(451)
(4)(17)(19)(55)(133)(182)(191)(222)(225)(281)(300)(340)(380)(393)(459)(513)(514)(528)(551)(575)(588)
(39)(43)(48)(66)(93)(94)(95)(96)(97)(101)(113)(296)(334)(346)(347)(355)(356)(357)(358)(373)(374)(377)(378)(397)(400)(423)(427)(435)(447)(469)(490)(525)(546)(572)(601)(613)
(331)(126)
(71)(303)(186)(209)
(45)(116)(119)(139)(208)(297)(363)(371)(376)(379)(474)(515)(581)
(74)(150)(151)(153)(155)(192)(215)(271)(329)(337)(348)(384)(389)(394)(404)(428)(432)(441)(472)(491)(529)(553)(579)(587)(592)(597)(603)(618)
(515)
(37)(56)(82)(158)(177)(203)(211)(235)(242)(247)(412)(439)(526)(558)(570)(583)(584)(607)(620)
(184)(458)
(567)
(51)(92)(169)(174)(206)(278)(302)(571)(172)
(193)(213)(229)(272)(292)(536)
(112)
(193)(213)(229)(272)(292)(536)(189)
(105)(108)(163)(223)(259)(5)(41)(105)(108)(163)(224)(241)(298)(304)(313)(314)(319)(320)(343)(382)(383)(390)(419)(445)(523)(614)(623)
(47)(165)(214)(230)(249)(252)(263)(268)(306)(322)(411)(426)(431)(505)(506)(508)(540)(541)(565)(586)(617)
(522)
(60)(168)(194)(238)(244)(264)(280)(283)(286)(351)(354)(388)(391)(563)
(253)(287)(446)(471)(478)(480)(481)(482)(483)(484)(486)(487)(488)(539)(556)(577)(580)(624)
(35)(44)(60)(78)(80)(125)(126)(160)(168)(194)(238)(244)(245)(264)(267)(280)(283)(286)(351)(354)(388)(391)(460)(465)(552)(563)(589)
(28)(34)(49)(57)(62)(129)(132)(143)(144)(212)(261)(456)(567)(593)(630)(22)(273)(462)
(24)(45)(103)(116)(119)(136)(139)(140)(185)(208)(233)(297)(335)(336)(341)(361)(363)(371)(376)(379)(386)(398)(406)(409)(410)(413)(420)(425)(430)(434)(450)(453)(454)(458)(463)(474)(515)(581)
(101)(30)(137)(472)(495)(432)
(172)
(537)
(630)
(28)(34)(49)(57)(58)(62)(70)(90)(117)(129)(132)(143)(144)(181)(212)(227)(261)(456)(567)(593)(630)(22)(273)(118)(463)(239)(302)(249)
(329)(346)(347)(384)(413)(416)(421)(422)(423)(428)(458)(461)(472)(490)(491)(492)(493)(494)(495)(496)(497)(530)(546)(572)(587)(591)(601)(605)(608)(609)(611)(612)(613)(622)(631)(184)(116)(215)(237)(151)(103)(140)(146)(111)(39)(247)(192)(19)(101)
(254)
(257)(270)(275)(309)(332)(350)(451)(283)(264)(415)(484)(398)(371)(235)
(247)
(380)(429)(164)
(33)(42)(124)(205)(218)(405)(421)(498)(530)(555)(557)(611)
(89)(256)(260)(517)(550)(585)
(5)(41)(105)(108)(163)(224)(241)(298)(304)(313)(314)(319)(320)(343)(382)(383)(390)(419)(445)(523)(614)(623)(223)(573)
(297)(442)
(329)(346)(347)(384)(413)(416)(421)(422)(423)(428)(458)(461)(472)(490)(491)(492)(493)(494)(495)(496)(497)(530)(546)(572)(587)(591)(601)(605)(608)(609)(611)(612)(613)(622)(631)(184)(215)(237)(151)(103)(140)(146)(111)(39)(247)(192)(19)(101)(116)
(440)
(103)
(445)
(48)(93)(94)(95)(96)(97)(113)(296)(334)(339)(347)(374)(400)(423)(427)(435)(469)(546)(572)(613)
(452)(503)
(279)
(117)
(149)
(24)(30)(45)(103)(111)(116)(119)(136)(139)(140)(184)(185)(208)(233)(297)(301)(310)(321)(324)(330)(335)(336)(341)(345)(361)(363)(368)(371)(376)(379)(386)(398)(402)(406)(409)(410)(413)(420)(425)(430)(434)(450)(453)(454)(458)(461)(463)(474)(507)(515)(535)(561)(562)(566)(581)(608)(622)