(22)(63)(171)
(18)(23)(36)(49)(57)(58)(70)(90)(91)(117)(127)(128)(181)(212)(227)(234)(251)(118)(273)(161)(160)(22)(249)(65)(239)(302)(186)
(144)(32)(34)(143)(129)(261)(630)(456)(462)(567)(593)(62)(28)(132)
(348)(150)(377)(384)(394)(404)(428)(432)(472)(490)(525)(529)(592)
(93)(94)(95)(96)(97)(48)(326)(333)(164)(334)(338)(339)(347)(352)(299)(359)(367)(369)(362)(152)(226)(374)(113)(400)(408)(423)(427)(435)(436)(438)(443)(449)(469)(546)(569)(572)(576)(591)(613)
(30)(111)(184)(301)(310)(321)(324)(330)(345)(368)(402)(461)(507)(535)(562)(608)(622)
(28)(34)(49)(57)(132)(144)(212)(227)(118)(273)(22)(160)(462)
(30)(310)(321)(324)(330)(336)(24)(345)(297)(129)(361)(368)(402)(111)(425)(450)(453)(454)(458)(461)(301)(496)(535)(561)(562)(566)(608)(622)(184)
(11)(13)(59)(64)(75)(84)(106)(141)(152)(154)(164)(173)(175)(176)(188)(216)(217)(226)(228)(240)(279)(289)(295)(299)(305)(326)(327)(328)(331)(333)(338)(342)(352)(353)(359)(365)(367)(369)(370)(372)(375)(385)(392)(401)(407)(408)(414)(415)(417)(424)(429)(436)(438)(442)(443)(444)(449)(455)(475)(527)(533)(537)(542)(545)(569)(591)(600)(628)
(353)
(60)(168)(194)(238)(244)(264)(280)(283)(286)(351)(354)(388)(391)(465)(552)(563)
(62)(129)(143)(261)(456)(567)(593)(630)(28)
(24)(30)(38)(45)(71)(81)(83)(103)(109)(111)(116)(119)(136)(139)(140)(184)(185)(208)(209)(233)(248)(297)(301)(303)(310)(321)(324)(330)(335)(336)(341)(345)(361)(363)(371)(376)(379)(386)(398)(402)(406)(409)(410)(413)(420)(425)(430)(434)(450)(453)(454)(458)(461)(463)(467)(468)(474)(496)(507)(515)(535)(561)(562)(566)(581)(605)(608)(622)
(35)(44)(60)(80)(125)(126)(168)(194)(238)(244)(264)(280)(283)(351)(354)(388)(391)(460)(465)(552)(563)
(90)
(157)(200)(118)
(117)(181)(302)(118)(227)(161)(186)
(24)(45)(103)(116)(119)(136)(139)(140)(185)(208)(233)(297)(335)(336)(341)(361)(363)(371)(376)(379)(386)(398)(406)(409)(410)(413)(420)(425)(430)(434)(450)(453)(454)(458)(463)(474)(507)(515)(535)(561)(566)(581)(622)
(24)(45)(103)(116)(119)(136)(139)(140)(185)(208)(233)(297)(335)(336)(341)(361)(363)(371)(376)(379)(386)(398)(406)(409)(410)(413)(420)(425)(430)(434)(450)(453)(454)(458)(463)(474)(515)(561)(566)(581)
(23)(28)(34)(49)(57)(58)(62)(70)(90)(91)(117)(127)(129)(132)(143)(144)(181)(212)(227)(234)(261)(456)(567)(593)(630)(302)(161)(160)(462)(22)(249)(65)(239)(273)(118)
(125)(126)(460)
(30)(184)(368)(402)(461)(507)(535)(561)(566)(622)
(144)(132)(91)
(5)
(28)(34)(62)(129)(132)(143)(144)(261)(456)(567)(593)(630)(462)
(35)(44)(78)(80)(118)(125)(126)(160)(245)(267)(460)(465)(552)(589)(194)
(526)(570)(607)(620)
(238)
(17)(19)(191)(300)(380)(393)(459)(514)(551)(588)
(257)(270)(275)(309)(332)(484)(230)(415)(398)(371)(235)
(143)(261)(456)(630)
(39)(43)(66)(93)(94)(95)(96)(97)(101)(113)(296)(334)(339)(346)(347)(355)(356)(357)(358)(373)(374)(377)(378)(397)(400)(423)(427)(435)(447)(469)(490)(525)(544)(546)(572)(576)(601)(613)
(60)(238)(280)(351)(388)(391)
(82)(177)(211)(439)(558)(584)
(41)(105)(224)(241)(254)(343)(364)(381)(382)(383)(390)(396)(445)(523)(554)(594)(614)
(168)(244)(283)(286)(354)(563)
(257)(332)(283)(484)
(18)
(60)(168)(238)(244)(280)(283)(286)(351)(354)(388)(391)(563)
(33)(124)(421)(498)(555)(557)(611)
(165)(230)(263)(268)(306)(411)(426)(431)(565)(586)
(498)(124)
(191)(300)(380)(393)(459)(514)(551)
(39)(43)(48)(66)(93)(94)(95)(96)(97)(101)(113)(221)(296)(334)(339)(346)(347)(355)(356)(357)(358)(373)(374)(377)(378)(397)(400)(423)(427)(435)(447)(469)(490)(492)(495)(525)(544)(546)(572)(576)(601)(613)(616)
(28)(34)(49)(57)(62)(117)(129)(132)(143)(144)(181)(212)(227)(261)(456)(567)(593)(630)(118)(273)(22)(462)(161)(302)
(12)(39)(43)(48)(50)(66)(93)(94)(95)(96)(97)(101)(113)(137)(201)(221)(296)(311)(334)(339)(347)(374)(400)(423)(427)(435)(469)(546)(576)(613)
(5)(41)(85)(105)(224)(241)(254)(298)(313)(314)(319)(320)(343)(364)(366)(381)(382)(383)(390)(396)(419)(422)(445)(523)(532)(554)(582)(594)(596)(614)(623)
(28)(34)(49)(57)(62)(117)(129)(132)(143)(144)(212)(227)(261)(456)(567)(593)(630)(118)(161)(273)(462)(160)(302)
(253)(287)(446)(471)(478)(480)(481)(483)(484)(486)(487)(488)(556)(577)(580)
(253)(269)(287)(446)(457)(471)(477)(478)(480)(481)(482)(483)(484)(486)(487)(488)(539)(556)(564)(577)(580)(624)
(72)(199)(253)(269)(282)(287)(440)(446)(457)(464)(471)(477)(478)(480)(481)(482)(483)(484)(486)(487)(488)(539)(556)(564)(577)(580)(624)(627)
(28)(34)(49)(57)(62)(117)(129)(132)(143)(144)(181)(212)(227)(261)(456)(567)(593)(630)(161)(273)(462)(160)(22)(302)
(502)
(124)(498)
(33)(124)(405)(421)(498)(530)(555)(557)(611)
(33)(42)(124)(205)(218)(405)(421)(498)(530)(555)(557)(604)(611)
(117)(181)(186)(161)
(28)(34)(49)(57)(62)(117)(129)(132)(143)(144)(181)(212)(227)(261)(456)(567)(593)(630)(161)(273)(462)(160)(22)(302)(118)
(98)(99)(112)(120)(131)(138)(146)(162)(179)(189)(193)(207)(210)(213)(219)(229)(246)(265)(272)(277)(284)(290)(292)(293)(362)(387)(403)(416)(433)(437)(452)(470)(473)(493)(494)(497)(500)(501)(502)(503)(504)(516)(536)(543)(559)(560)(578)(595)(602)(619)(625)(626)
(39)(43)(48)(66)(93)(94)(95)(96)(97)(101)(113)(296)(334)(346)(347)(355)(356)(357)(358)(373)(374)(377)(378)(397)(400)(423)(427)(435)(447)(469)(490)(525)(546)(572)(601)(613)
(75)(152)(164)(175)(188)(226)(240)(279)(299)(326)(333)(353)(372)(375)(401)(407)(414)(415)(417)(424)(429)(436)(438)(442)(443)(449)(455)(475)(527)(537)(569)(591)(600)
(47)(165)(214)(230)(252)(263)(268)(306)(411)(426)(431)(508)(540)(565)(586)
(47)(165)(214)(230)(263)(268)(306)(411)(426)(431)(540)(565)(586)
(22)(512)(273)
(201)(221)(311)(531)(606)(609)(616)
(41)(85)(105)(224)(241)(254)(343)(364)(381)(382)(383)(390)(396)(422)(445)(523)(532)(554)(594)(614)(623)
(32)(115)(195)(262)(312)(509)(511)(599)
(32)(115)(195)(262)(312)(509)(510)(511)(599)
(4)(17)(19)(55)(133)(182)(191)(222)(225)(300)(340)(380)(393)(459)(513)(514)(528)(551)(575)(588)
(4)(17)(19)(55)(133)(182)(222)(225)(281)(340)(513)(528)(575)(588)
(110)(243)(451)(121)
(35)(44)(60)(80)(168)(194)(238)(244)(264)(280)(283)(286)(351)(354)(388)(391)(465)(552)(563)
(89)(167)(204)(256)(258)(260)(323)(517)(550)(585)(615)(130)
(257)(270)(275)(309)(332)(350)(451)
(29)(142)(145)(285)(294)(315)(318)(395)(518)(524)(534)(538)(568)(598)
(5)(41)(85)(105)(108)(163)(223)(224)(241)(254)(298)(304)(313)(314)(319)(320)(343)(364)(366)(381)(382)(383)(390)(396)(419)(422)(445)(476)(523)(532)(554)(573)(582)(590)(594)(596)(614)(623)
(517)
(5)(41)(105)(108)(163)(224)(241)(298)(304)(313)(314)(319)(320)(343)(382)(383)(390)(419)(445)(523)(614)(623)
(150)(151)(155)(192)(215)(271)(337)(348)(384)(389)(394)(404)(428)(432)(441)(472)(491)(529)(553)(579)(587)(592)(597)(603)(618)
(24)(45)(103)(116)(119)(136)(139)(140)(185)(208)(233)(297)(335)(336)(341)(361)(363)(371)(376)(379)(386)(398)(406)(409)(410)(413)(420)(425)(430)(434)(450)(453)(454)(458)(463)(474)(515)(561)(566)(581)
(40)(72)(183)(199)(253)(269)(282)(287)(344)(440)(446)(457)(464)(471)(477)(478)(479)(480)(481)(482)(483)(484)(485)(486)(487)(488)(489)(539)(556)(564)(577)(580)(624)(627)
(47)(165)(214)(230)(252)(263)(268)(306)(322)(411)(426)(431)(508)(540)(541)(565)(586)
(257)(270)(275)(309)(332)(350)(451)(283)(264)(415)(230)(17)(484)(398)(371)(235)(355)
(17)(19)(55)(133)(182)(191)(222)(300)(340)(380)(393)(459)(513)(514)(528)(551)(575)(588)
(243)(257)(270)(275)(309)(332)(350)(451)(283)(264)(415)(230)(17)(484)(398)(371)(235)(355)
(329)(346)(347)(384)(413)(416)(421)(422)(423)(428)(458)(461)(472)(490)(491)(492)(493)(494)(495)(496)(497)(530)(546)(572)(587)(591)(601)(605)(608)(609)(611)(612)(613)(622)(631)(184)(166)(116)(215)(237)(74)(50)(137)(151)(103)(140)(146)(111)(39)(247)(192)(4)(19)(101)
(29)(142)(145)(190)(198)(220)(255)(276)(285)(294)(315)(316)(317)(318)(395)(466)(518)(519)(520)(521)(522)(524)(534)(538)(548)(549)(568)(574)(598)(621)
(124)(498)
(33)(124)(421)(498)(557)(611)
(49)(57)(212)(273)(22)(160)
(78)(160)(589)
(124)(421)(498)
(39)(43)(48)(66)(93)(94)(95)(96)(97)(113)(201)(221)(296)(311)(334)(339)(346)(347)(355)(356)(357)(358)(373)(374)(377)(378)(397)(400)(423)(427)(435)(447)(469)(490)(492)(525)(531)(544)(546)(572)(576)(601)(606)(609)(613)(616)(144)(303)
(35)(44)(60)(78)(80)(118)(125)(126)(157)(160)(168)(194)(200)(238)(244)(245)(264)(267)(280)(283)(286)(351)(354)(388)(391)(460)(465)(552)(563)(589)
(75)(152)(164)(175)(188)(226)(240)(279)(299)(326)(333)(353)(372)(375)(401)(407)(414)(415)(417)(424)(429)(436)(438)(442)(443)(449)(455)(475)(527)(537)(569)(591)(600)
(256)
(37)(56)(82)(122)(158)(166)(177)(203)(211)(235)(237)(242)(247)(412)(439)(526)(558)(570)(583)(584)(607)(620)
(150)(151)(155)(192)(215)(271)(337)(348)(384)(389)(394)(404)(428)(432)(441)(472)(491)(529)(553)(579)(587)(592)(597)(603)(618)
(41)(85)(105)(224)(241)(254)(298)(313)(314)(319)(320)(343)(364)(381)(382)(383)(390)(396)(419)(422)(445)(523)(532)(554)(594)(596)(614)(623)
(193)(213)(292)(536)(229)
(59)(64)(75)(84)(152)(164)(175)(188)(226)(228)(240)(279)(295)(299)(305)(326)(328)(331)(333)(338)(342)(352)(353)(359)(365)(367)(369)(370)(372)(375)(385)(392)(401)(407)(408)(414)(415)(417)(424)(429)(436)(438)(442)(443)(444)(449)(455)(475)(527)(533)(537)(542)(545)(569)(591)(600)(628)
(191)(300)(380)(393)(459)(514)(551)
(5)(41)(85)(105)(163)(224)(241)(254)(298)(304)(313)(314)(319)(320)(343)(364)(366)(381)(382)(383)(390)(396)(419)(422)(445)(476)(523)(532)(554)(582)(590)(594)(596)(614)(623)
(37)(56)(82)(158)(177)(203)(211)(235)(242)(247)(412)(439)(558)(583)(584)
(329)(346)(347)(384)(413)(416)(421)(422)(423)(428)(458)(461)(472)(490)(491)(492)(493)(494)(495)(496)(497)(530)(546)(572)(587)(591)(601)(605)(608)(609)(611)(613)(622)(631)(184)(116)(215)(237)(74)(151)(103)(140)(146)(111)(39)(247)(192)(19)(101)
(152)(346)(389)(394)(404)(423)(428)(553)(592)(597)(603)(613)
(37)(56)(82)(158)(177)(203)(211)(235)(242)(247)(412)(439)(526)(558)(570)(583)(584)(607)(620)
(98)(99)(112)(120)(131)(135)(138)(146)(162)(170)(179)(189)(193)(207)(210)(213)(219)(229)(246)(265)(272)(277)(284)(290)(292)(293)(349)(360)(362)(387)(403)(416)(433)(437)(452)(470)(473)(493)(494)(497)(500)(501)(502)(503)(504)(516)(536)(543)(559)(560)(578)(595)(602)(610)(619)(625)(626)(89)(130)(167)(204)(256)(258)(260)(323)(517)(550)(585)(615)(20)(33)(42)(124)(205)(218)(405)(421)(498)(530)(555)(557)(604)(611)
(59)(75)(152)(164)(175)(188)(226)(240)(279)(299)(305)(326)(333)(338)(342)(353)(365)(367)(369)(370)(372)(375)(385)(401)(407)(408)(414)(415)(417)(424)(429)(436)(438)(442)(443)(449)(455)(475)(527)(537)(569)(591)(600)
(60)(168)(194)(238)(244)(264)(280)(283)(286)(351)(354)(388)(391)(465)(552)(563)(75)(152)(164)(175)(188)(226)(279)(299)(326)(333)(353)(372)(375)(401)(407)(414)(415)(417)(424)(429)(436)(438)(442)(443)(449)(455)(475)(527)(537)(569)(591)(600)
(253)(287)(446)(471)(478)(480)(481)(482)(483)(484)(486)(487)(488)(539)(556)(577)(580)
(98)(112)(120)(131)(138)(146)(162)(179)(189)(193)(207)(210)(213)(219)(229)(246)(265)(272)(277)(284)(290)(292)(362)(387)(403)(416)(433)(437)(452)(470)(473)(493)(494)(497)(500)(501)(502)(503)(504)(516)(536)(543)(559)(560)(578)(595)(602)(619)(625)
(17)(19)(55)(133)(191)(222)(300)(340)(380)(393)(459)(513)(514)(551)(588)
(18)
(15)
(37)(56)(82)(158)(177)(203)(211)(235)(242)(247)(412)(439)(526)(558)(570)(583)(584)(607)(620)