// imagenes
1
1
1
1
1
1
1
1
1
1
1
1
1
2
2
2
2
2
2
2
2
2
2
2
2
3
3
3
3
3
3
3
3
3
3
3
3
4
4
4
4
4
4
4
4
4
4
5
5
5
5
5
5
5
5
5
5
5
5
5
6
7
7
7
7
7
7
7
7
7
6
6
8
8
8
8
8
8
8
8
8
6
9
9
9
9
9
9
9
9
9
6
10
10
10
10
10
10
10
10
6
11
11
11
11
11
11
11
11
11
6
12
12
12
12
12
12
12
12
12
12
6
13
13
13
13
13
13
13
13
13
13
6
14
14
14
14
14
14
14
14
14
15
15
15
15
15
15
15
15
15
15
15
15
15
15
15
15
15
15
6
16
16
16
16
16
16
16
16
17
17
17
17
17
17
17
17
17
17
17
17
6
17
17
17
17
17
17
17
6
18
18
18
18
18
18
18
18
18
18
19
19
19
19
19
19
19
19
19
6
20
20
20
20
20
20
20
6
21
21
21
21
21
21
21
21
21
6
22
22
22
22
22
22
22
22
6
6
23
23
23
23
23
23
23
23
23
6
6
24
24
24
24
24
5
5
5
5
5
5
24
24
5
25
25
25
25
25
25
25
25
25
25
25
25
26
26
26
26
26
26
26
26
26
26
26
26
26
27
27
27
27
27
27
27
27
27
27
27
28
28
28
28
28
28
28
28
28
28
28
29
29
29
29
29
29
29
29
29
29
29
30
30
30
30
30
30
30
30
30
30
30
31
31
31
31
31
31
31
31
31
32
32
32
32
32
32
32
32
32
32
33
33
33
33
33
33
33
33
33
33
33
33
34
34
34
34
34
34
34
34
34
34
34
35
35
35
36
36
36
36
36
36
36
36
36
36
36
5
5
5
37
37
37
37
37
37
37
37
37
37
37
37
5
5
5
5
5
5
5
5
5
5
38
38
38
38
38
38
38
38
38
38
39
39
39
39
39
39
39
39
39
39
39
39
5
5
5
5
5
5
5
5
fin