0
1
2
1
9
10
4
21
14
3
21
2
3
2
4
1
19
9
1
9
15
3
12
1
8
3
14
4
1
14
8
4
12
15
1
6
1
5
8
3
19
10
15
3
6
8
19
17
3
7
3
7
1
14
20
9
5
1
1
2
6
1
1
12
2
16
3
4
8
15
1
8
19
4
18
2
9
1
6
17
6
8
5
8
2
10
12
20
6
13
1
1
7
3
3
3
3
3
20
20
1
3
3
8
8
10
2
21
10
8
11
8
20
3
7
12
8
1
6
8
20
10
5
19
15
6
6
1
1
8
13
20
1
9
20
20
8
3
20
8
8
2
14
1
1
14
20
19
4
8
18
18
2
18
2
18
20
6
5
19
6
16
20
10
2
17
5
13
6
7
20
12
7
2
7
2
2
5
14
20
2
1
9
19
8
8
19
3
2
20
14
9
18
20
6
12
4
19
14
19
6
3
4
5
13
15
7
20
8
8
20
5
1
20
17
18
2
2
15
20
14
3
9
10
10
9
2
1
2
20
17
14
20
8
1
5
7
5
6
16
2
10
5
11
6
6
20
5
8
17
7
1
17
19
10
14
13
11
13
10
13
1
12
17
6
20
19
6
17
19
11
18
20
16
20
11
14
20
7
2
6
9
19
6
20
14
6
19
15
2
20
4
20
20
14
2
3
8
10
2
9
8
7
8
10
2
17
4
8
11
8
3
12
10
10
14
14
14
14
10
10
8
17
13
8
7
2
2
2
18
8
2
11
2
3
8
8
18
2
3
9
8
2
10
19
8
3
3
18
20
11
6
2
2
6
3
3
3
3
2
20
8
20
8
10
2
10
2
8
2
2
8
2
3
3
2
8
3
3
8
9
10
10
10
18
2
8
20
6
18
10
6
2
9
18
14
10
3
8
4
3
2
8
20
18
15
8
2
2
8
8
17
5
8
2
2
20
2
4
10
8
15
10
3
2
8
17
3
18
2
8
17
18
20
8
3
2
20
2
5
19
18
2
2
2
10
19
3
4
2
8
11
20
8
8
2
1
19
8
9
6
8
16
8
19
6
14
8
8
3
20
19
18
20
8
2
10
19
19
19
19
19
19
19
19
19
19
19
19
19
3
18
3
20
20
3
8
20
15
19
20
20
20
20
20
17
17
8
17
12
12
12
12
9
9
8
20
13
14
14
14
14
14
10
14
3
5
2
9
18
15
3
10
2
14
8
20
2
14
19
17
17
2
20
3
2
3
14
14
14
13
9
6
18
10
15
19
15
5
20
20
8
8
6
19
17
8
1
14
2
5
7
3
10
14
9
3
19
20
18
19
8
10
5
5
13
17
18
9
6
10
2
18
1
10
20
10
18
14
12
2
3
20
18
15
8
3
5
8
3
20
15
4
3
10
13
3
17
18
20
5
14
8
10
19
20
20
19
2
8
1
3
0
0
0
0
0
0
0
0
0
0
0
0
0
0
0
0
0
0
0
0
0
0
0
0
0
0
0
0
0
0
0
0
0
0
0
0
0
0
0
0
0
0
0
0
0
0
0
0
0
0
0
0
0
0
0
0
0
0
0
0
0
0
0
0
0
0
0
0
0
0
0
0
0
0
0
0
0
0
0
0
0
0
0
0
0
0
0
0
0
0
3