null
999999
999999
999999
999999
999999
999999
999999
999999
999999
999999
900
999999
999999
999999
999999
999999
70
999999
999999
120
999999
230
999999
60
999999
999999
290
999999
10
120
999999
40
60
140
120
999999
30
999999
999999
1000
10
160
320
60
200
999999
200
60
160
160
80
999999
999999
999999
120
30
200
290
140
10
999999
999999
999999
160
700
999999
230
999999
320
999999
320
260
140
350
10
700
999999
180
500
60
999999
15
500
200
120
1900
999999
800
40
999999
999999
45
999999
999999
999999
999999
999999
999999
140
999999
160
999999
80
999999
100
700
999999
290
999999
550
120
120
45
1400
30
15
999999
999999
40
40
999999
999999
999999
40
140
140
999999
999999
55
999999
70
140
120
550
230
40
160
120
35
35
700
999999
45
80
60
120
120
320
999999
30
120
40
290
999999
160
400
999999
30
260
200
290
40
320
999999
45
290
290
70
160
120
290
55
800
20
80
999999
60
999999
15
999999
1000
290
260
120
100
350
999999
35
400
70
70
70
45
50
30
999999
800
200
290
500
230
999999
30
80
999999
35
55
30
290
60
20
320
100
80
140
999999
1000
290
140
40
180
160
260
25
550
45
999999
160
290
50
80
230
30
900
30
320
500
15
1000
290
40
25
320
60
140
35
45
999999
900
800
1700
100
120
45
999999
30
30
60
1000
120
25
25
15
45
55
700
260
20
140
20
260
260
180
999999
25
140
25
60
30
15
550
350
25
30
15
35
100
350
999999
30
70
200
80
20
290
40
999999
70
30
120
999999
1000
290
60
80
999999
35
30113682
55
140
120
30
140
45
25
999999
140
999999
55
55
140
290
100
160
500
160
350
180
500
260
140
30
25
25
30
60
200
70
120
120
55
70
120
230
180
180
30
20
200
50
25
140
20
25
50
40
35
30
120
230
100
25
30
30
55
120
80
60
55
70
55
35
25
30
55
25
30
30
25
100
30
40
35
15
100
30
70
20
30
20
30
230
25
30
30
30
260
25
55
80
30
70
30
30
140
55
30
120
999999
70
20
30
35
30
25
35
25
60
70
55
60
999999
45
25
70
55
80
45
30
60
60
45
30
30
25
55
50
30
60
100
55
35
50
100
45
45
999999
120
999999
60
80
30
70
60
50
55
120
999999
35
160
160
140
60
290
50
290
320
400
15
10
10
10
10
10
15
180
180
80
400
20
15
120
60
40
350
25
30
20
320
999999
999999
120
55
45
120
260
70
50
290
20
80
50
60
30
800
100
100
70
100
180
50
160
140
260
15
120
10
30
35
45
999999
70
35
20
25
40
30
260
25
260
70
70
160
999999
120
35
15
25
80
100
180
160
20
230
400
50
400
35
100
30
40
45
30
999999
200
30
60
15
25
80
55
999999
30
260
20
50
70
999999
20
60
45
80
1000
60
320
100
55
120
60
45
30
140
55
25
40
30
40
140
160
140
70
60
999999
30
40
100
120
30
35
25
50
70
80
290
400
350
70
180
230
180
140
550
999999
55
100
160
230
230
120
290
999999
200
55
80
55
120
180
260
999999
30
999999
55
55
55
55
55
55
999999
50000
800
999999
999999
999999
999999
999999
20000
800
800
800
800
800
800
800
800
800
999999
800
800
800
800
800
800
800
800
800
800
800
999999
999999
999999
999999
999999
999999
55
999999
800
35000
999999
999999
999999
999999
999999
999999
999999
999999
999999
999999
999999
999999
999999
999999
999999
999999
999999
999999
999999
999999
999999
999999
999999
999999
999999
999999
999999
999999
999999
999999
999999
10
55
5000
35000
999999
999999
999999
999999
999999
999999
999999
999999
999999
999999
999999